Hill Climbing result:

Case:  [3, 2, 0, 0] ----> [1, 2, 0, 3]Failed
Case:  [1, 2, 1, 2] ----> [1, 3, 0, 2]
Case:  [1, 2, 0, 2] ----> [1, 3, 0, 2]
Case:  [3, 1, 0, 1] ----> [3, 1, 0, 2]Failed
Case:  [3, 2, 0, 1] ----> [3, 2, 0, 1]Failed
Case:  [3, 2, 2, 3] ----> [1, 2, 0, 3]Failed
Case:  [2, 1, 3, 2] ----> [2, 1, 3, 0]Failed
Case:  [2, 2, 0, 3] ----> [1, 2, 0, 3]Failed
Case:  [3, 3, 3, 1] ----> [2, 0, 3, 1]
Case:  [0, 1, 0, 0] ----> [2, 1, 3, 0]Failed
Case:  [2, 3, 2, 1] ----> [2, 0, 3, 1]
Case:  [0, 2, 0, 2] ----> [1, 3, 0, 2]
Case:  [1, 2, 3, 2] ----> [1, 3, 0, 2]
Case:  [1, 0, 1, 1] ----> [2, 0, 3, 1]
Case:  [3, 3, 2, 1] ----> [3, 0, 2, 1]Failed
Case:  [3, 0, 0, 1] ----> [3, 0, 2, 1]Failed
Case:  [0, 1, 0, 0] ----> [2, 1, 3, 0]Failed
Case:  [1, 2, 0, 1] ----> [1, 2, 0, 3]Failed
Case:  [2, 0, 1, 2] ----> [2, 0, 1, 3]Failed
Case:  [0, 1, 2, 2] ----> [0, 1, 3, 2]Failed
Case:  [0, 0, 0, 0] ----> [2, 0, 3, 1]
Case:  [3, 3, 1, 1] ----> [0, 3, 1, 2]Failed
Case:  [1, 3, 3, 3] ----> [1, 3, 0, 2]
Case:  [1, 0, 3, 1] ----> [2, 0, 3, 1]
Case:  [3, 1, 2, 2] ----> [3, 1, 0, 2]Failed
Case:  [2, 1, 2, 2] ----> [3, 1, 0, 2]Failed
Case:  [0, 2, 0, 3] ----> [1, 2, 0, 3]Failed
Case:  [3, 1, 0, 1] ----> [3, 1, 0, 2]Failed
Case:  [2, 2, 1, 1] ----> [2, 0, 3, 1]
Case:  [3, 1, 1, 0] ----> [2, 1, 3, 0]Failed
Case:  [2, 0, 1, 2] ----> [2, 0, 1, 3]Failed
Case:  [1, 2, 0, 0] ----> [1, 3, 0, 2]
Case:  [3, 1, 0, 0] ----> [3, 1, 0, 2]Failed
Case:  [2, 3, 3, 1] ----> [2, 0, 3, 1]
Case:  [2, 0, 1, 2] ----> [2, 0, 1, 3]Failed
Case:  [3, 0, 1, 1] ----> [2, 0, 3, 1]
Case:  [2, 1, 1, 3] ----> [2, 0, 1, 3]Failed
Case:  [2, 3, 1, 3] ----> [2, 0, 1, 3]Failed
Case:  [3, 0, 3, 0] ----> [2, 0, 3, 1]
Case:  [2, 2, 1, 2] ----> [2, 0, 1, 3]Failed
Case:  [3, 1, 1, 1] ----> [2, 0, 3, 1]
Case:  [1, 0, 3, 0] ----> [2, 0, 3, 1]
Case:  [3, 0, 1, 0] ----> [3, 0, 2, 1]Failed
Case:  [0, 1, 0, 2] ----> [3, 1, 0, 2]Failed
Case:  [0, 1, 0, 3] ----> [1, 2, 0, 3]Failed
Case:  [3, 2, 2, 0] ----> [3, 0, 2, 1]Failed
Case:  [0, 1, 0, 1] ----> [0, 2, 3, 1]Failed
Case:  [1, 3, 2, 2] ----> [1, 3, 0, 2]
Case:  [2, 3, 3, 3] ----> [2, 0, 3, 1]
Case:  [2, 1, 1, 0] ----> [2, 1, 3, 0]Failed
Case:  [3, 3, 0, 2] ----> [1, 3, 0, 2]
Case:  [2, 0, 3, 1] ----> [2, 0, 3, 1]
Case:  [1, 3, 1, 3] ----> [1, 3, 0, 2]
Case:  [1, 1, 2, 1] ----> [1, 3, 2, 0]Failed
Case:  [0, 1, 3, 3] ----> [0, 1, 3, 2]Failed
Case:  [3, 2, 1, 2] ----> [1, 3, 0, 2]
Case:  [2, 1, 2, 0] ----> [2, 1, 3, 0]Failed
Case:  [1, 0, 2, 1] ----> [3, 0, 2, 1]Failed
Case:  [0, 0, 0, 0] ----> [1, 3, 0, 2]
Case:  [3, 2, 1, 1] ----> [0, 2, 3, 1]Failed
Case:  [1, 3, 2, 0] ----> [1, 3, 2, 0]Failed
Case:  [1, 2, 3, 0] ----> [1, 3, 0, 2]
Case:  [0, 0, 2, 3] ----> [1, 0, 2, 3]Failed
Case:  [0, 1, 2, 2] ----> [3, 1, 0, 2]Failed
Case:  [0, 3, 0, 0] ----> [1, 3, 0, 2]
Case:  [2, 2, 3, 1] ----> [2, 0, 3, 1]
Case:  [2, 1, 1, 0] ----> [2, 1, 3, 0]Failed
Case:  [0, 2, 2, 0] ----> [0, 2, 3, 1]Failed
Case:  [3, 0, 2, 0] ----> [3, 0, 2, 1]Failed
Case:  [3, 2, 3, 1] ----> [2, 0, 3, 1]
Case:  [0, 3, 3, 3] ----> [0, 3, 1, 2]Failed
Case:  [1, 2, 3, 0] ----> [1, 3, 2, 0]Failed
Case:  [2, 1, 0, 0] ----> [2, 1, 3, 0]Failed
Case:  [2, 2, 2, 0] ----> [2, 0, 3, 1]
Case:  [0, 3, 0, 3] ----> [1, 3, 0, 2]
Case:  [3, 2, 1, 2] ----> [1, 3, 0, 2]
Case:  [3, 1, 2, 1] ----> [3, 0, 2, 1]Failed
Case:  [3, 2, 2, 1] ----> [3, 0, 2, 1]Failed
Case:  [3, 1, 1, 3] ----> [3, 1, 0, 2]Failed
Case:  [2, 0, 3, 1] ----> [2, 0, 3, 1]
Case:  [0, 1, 2, 2] ----> [3, 1, 0, 2]Failed
Case:  [2, 3, 2, 2] ----> [1, 3, 0, 2]
Case:  [2, 0, 2, 1] ----> [2, 0, 3, 1]
Case:  [3, 2, 3, 1] ----> [2, 0, 3, 1]
Case:  [0, 2, 3, 2] ----> [0, 2, 3, 1]Failed
Case:  [0, 1, 1, 0] ----> [2, 1, 3, 0]Failed
Case:  [2, 3, 1, 2] ----> [0, 3, 1, 2]Failed
Case:  [0, 3, 1, 0] ----> [0, 3, 1, 2]Failed
Case:  [0, 2, 2, 3] ----> [1, 2, 0, 3]Failed
Case:  [1, 0, 2, 1] ----> [3, 0, 2, 1]Failed
Case:  [3, 1, 3, 3] ----> [2, 1, 3, 0]Failed
Case:  [3, 3, 1, 3] ----> [2, 0, 1, 3]Failed
Case:  [2, 0, 2, 3] ----> [2, 0, 3, 1]
Case:  [0, 0, 2, 0] ----> [1, 3, 2, 0]Failed
Case:  [3, 2, 0, 0] ----> [1, 2, 0, 3]Failed
Case:  [3, 2, 2, 3] ----> [1, 2, 0, 3]Failed
Case:  [2, 3, 3, 3] ----> [2, 0, 3, 1]
Case:  [1, 3, 1, 0] ----> [1, 3, 0, 2]
Case:  [1, 3, 1, 1] ----> [1, 3, 0, 2]
Case:  [2, 2, 2, 0] ----> [2, 0, 3, 1]
Case:  [0, 0, 3, 2] ----> [2, 0, 3, 1]
Case:  [0, 3, 3, 2] ----> [0, 3, 1, 2]Failed
Case:  [2, 1, 1, 0] ----> [2, 1, 3, 0]Failed
Case:  [2, 3, 0, 2] ----> [1, 3, 0, 2]
Case:  [3, 1, 3, 0] ----> [2, 1, 3, 0]Failed
Case:  [2, 0, 1, 3] ----> [2, 0, 1, 3]Failed
Case:  [2, 0, 1, 3] ----> [2, 0, 1, 3]Failed
Case:  [1, 1, 1, 2] ----> [1, 3, 0, 2]
Case:  [1, 1, 0, 1] ----> [1, 3, 0, 2]
Case:  [3, 1, 1, 1] ----> [2, 0, 3, 1]
Case:  [0, 2, 0, 3] ----> [1, 2, 0, 3]Failed
Case:  [2, 3, 0, 0] ----> [1, 3, 0, 2]
Case:  [2, 1, 1, 2] ----> [2, 1, 3, 0]Failed
Case:  [3, 2, 0, 0] ----> [1, 2, 0, 3]Failed
Case:  [1, 2, 2, 1] ----> [1, 2, 0, 3]Failed
Case:  [1, 1, 3, 2] ----> [3, 1, 0, 2]Failed
Case:  [0, 1, 0, 3] ----> [1, 2, 0, 3]Failed
Case:  [2, 2, 2, 2] ----> [2, 0, 3, 1]
Case:  [1, 0, 2, 3] ----> [1, 0, 2, 3]Failed
Case:  [3, 2, 3, 1] ----> [0, 2, 3, 1]Failed
Case:  [1, 2, 0, 0] ----> [1, 3, 0, 2]
Case:  [2, 0, 0, 2] ----> [3, 1, 0, 2]Failed
Case:  [1, 2, 2, 2] ----> [1, 3, 0, 2]
Case:  [3, 0, 3, 3] ----> [2, 0, 3, 1]
Case:  [1, 3, 1, 1] ----> [1, 3, 0, 2]
Case:  [0, 0, 0, 0] ----> [2, 0, 3, 1]
Case:  [1, 1, 2, 0] ----> [1, 3, 2, 0]Failed
Case:  [1, 0, 0, 2] ----> [1, 3, 0, 2]
Case:  [3, 0, 1, 2] ----> [3, 0, 2, 1]Failed
Case:  [1, 2, 0, 0] ----> [1, 2, 0, 3]Failed
Case:  [3, 2, 3, 3] ----> [1, 2, 0, 3]Failed
Case:  [3, 2, 0, 0] ----> [3, 2, 0, 1]Failed
Case:  [1, 0, 1, 0] ----> [1, 3, 2, 0]Failed
Case:  [0, 0, 3, 2] ----> [2, 0, 3, 1]
Case:  [1, 0, 2, 1] ----> [3, 0, 2, 1]Failed
Case:  [0, 3, 1, 0] ----> [0, 3, 1, 2]Failed
Case:  [2, 0, 0, 0] ----> [2, 0, 3, 1]
Case:  [0, 2, 0, 2] ----> [1, 3, 0, 2]
Case:  [2, 2, 1, 3] ----> [2, 0, 1, 3]Failed
Case:  [2, 1, 2, 1] ----> [2, 0, 3, 1]
Case:  [3, 2, 0, 1] ----> [3, 2, 0, 1]Failed
Case:  [1, 2, 3, 1] ----> [0, 2, 3, 1]Failed
Case:  [1, 3, 1, 2] ----> [1, 3, 0, 2]
Case:  [0, 3, 2, 1] ----> [0, 2, 3, 1]Failed
Case:  [1, 0, 1, 1] ----> [2, 0, 3, 1]
Case:  [0, 3, 1, 3] ----> [0, 3, 1, 2]Failed
Case:  [2, 1, 1, 3] ----> [2, 0, 1, 3]Failed
Case:  [0, 2, 2, 0] ----> [0, 2, 3, 1]Failed
Case:  [2, 3, 3, 0] ----> [2, 0, 3, 1]
Case:  [2, 0, 1, 1] ----> [2, 0, 3, 1]
Case:  [1, 3, 2, 1] ----> [1, 3, 2, 0]Failed
Case:  [0, 3, 3, 3] ----> [2, 0, 3, 1]
Case:  [1, 2, 2, 1] ----> [3, 0, 2, 1]Failed
Case:  [2, 0, 3, 2] ----> [2, 0, 3, 1]
Case:  [3, 1, 0, 0] ----> [3, 1, 0, 2]Failed
Case:  [3, 0, 1, 0] ----> [3, 0, 2, 1]Failed
Case:  [3, 0, 2, 0] ----> [3, 0, 2, 1]Failed
Case:  [2, 1, 3, 3] ----> [2, 1, 3, 0]Failed
Case:  [3, 2, 2, 2] ----> [3, 0, 2, 1]Failed
Case:  [2, 3, 1, 0] ----> [2, 3, 1, 0]Failed
Case:  [2, 3, 1, 0] ----> [2, 3, 1, 0]Failed
Case:  [0, 1, 3, 2] ----> [0, 1, 3, 2]Failed
Case:  [0, 2, 3, 1] ----> [0, 2, 3, 1]Failed
Case:  [3, 0, 0, 2] ----> [1, 3, 0, 2]
Case:  [2, 0, 2, 3] ----> [2, 0, 1, 3]Failed
Case:  [2, 3, 2, 3] ----> [2, 0, 1, 3]Failed
Case:  [3, 0, 0, 2] ----> [1, 3, 0, 2]
Case:  [3, 1, 1, 1] ----> [2, 0, 3, 1]
Case:  [0, 1, 3, 2] ----> [0, 1, 3, 2]Failed
Case:  [3, 2, 2, 3] ----> [1, 2, 0, 3]Failed
Case:  [2, 2, 1, 2] ----> [2, 0, 1, 3]Failed
Case:  [3, 1, 2, 2] ----> [3, 1, 0, 2]Failed
Case:  [2, 3, 2, 3] ----> [2, 0, 3, 1]
Case:  [2, 1, 1, 1] ----> [2, 0, 3, 1]
Case:  [2, 2, 1, 3] ----> [2, 0, 1, 3]Failed
Case:  [1, 0, 1, 0] ----> [1, 3, 2, 0]Failed
Case:  [0, 1, 0, 3] ----> [1, 2, 0, 3]Failed
Case:  [0, 3, 3, 1] ----> [2, 0, 3, 1]
Case:  [1, 2, 0, 0] ----> [1, 3, 0, 2]
Case:  [0, 3, 2, 2] ----> [1, 3, 0, 2]
Case:  [3, 0, 1, 3] ----> [2, 0, 1, 3]Failed
Case:  [2, 2, 2, 3] ----> [2, 0, 3, 1]
Case:  [3, 1, 0, 2] ----> [3, 1, 0, 2]Failed
Case:  [3, 2, 0, 2] ----> [3, 1, 0, 2]Failed
Case:  [0, 3, 0, 3] ----> [1, 3, 0, 2]
Case:  [0, 2, 0, 3] ----> [1, 2, 0, 3]Failed
Case:  [3, 3, 0, 0] ----> [1, 3, 0, 2]
Case:  [3, 2, 2, 0] ----> [3, 0, 2, 1]Failed
Case:  [3, 3, 3, 0] ----> [0, 3, 3, 0]Failed
Case:  [2, 3, 3, 3] ----> [2, 0, 3, 1]
Case:  [3, 0, 0, 0] ----> [2, 0, 3, 1]
Case:  [0, 0, 2, 1] ----> [3, 0, 2, 1]Failed
Case:  [0, 1, 3, 3] ----> [2, 1, 3, 0]Failed
Case:  [3, 3, 0, 0] ----> [1, 3, 0, 2]
Case:  [2, 1, 2, 2] ----> [3, 1, 0, 2]Failed
Case:  [1, 3, 3, 3] ----> [1, 3, 0, 2]
Case:  [1, 2, 3, 1] ----> [0, 2, 3, 1]Failed
Case:  [2, 0, 1, 0] ----> [2, 0, 1, 3]Failed
Case:  [0, 1, 2, 2] ----> [0, 1, 3, 2]Failed
Case:  [0, 1, 1, 3] ----> [0, 3, 1, 2]Failed
Case:  [1, 1, 2, 3] ----> [1, 0, 2, 3]Failed
Case:  [3, 3, 1, 3] ----> [0, 3, 1, 2]Failed
Case:  [0, 0, 1, 3] ----> [2, 0, 1, 3]Failed
Case:  [1, 3, 0, 1] ----> [1, 3, 0, 2]
Case:  [1, 0, 0, 0] ----> [1, 3, 0, 2]
Case:  [3, 3, 2, 3] ----> [3, 0, 2, 1]Failed
Case:  [1, 1, 2, 2] ----> [3, 1, 0, 2]Failed
Case:  [0, 3, 0, 1] ----> [1, 3, 0, 2]
Case:  [2, 1, 0, 3] ----> [1, 2, 0, 3]Failed
Case:  [1, 3, 2, 0] ----> [1, 3, 2, 0]Failed
Case:  [2, 0, 3, 0] ----> [2, 0, 3, 1]
Case:  [0, 2, 1, 1] ----> [0, 2, 3, 1]Failed
Case:  [3, 1, 1, 2] ----> [3, 1, 0, 2]Failed
Case:  [0, 2, 0, 3] ----> [1, 2, 0, 3]Failed
Case:  [2, 1, 2, 3] ----> [2, 0, 3, 1]
Case:  [0, 1, 0, 1] ----> [2, 0, 3, 1]
Case:  [2, 0, 3, 3] ----> [2, 0, 3, 1]
Case:  [1, 0, 3, 1] ----> [2, 0, 3, 1]
Case:  [3, 1, 1, 0] ----> [2, 1, 3, 0]Failed
Case:  [3, 2, 1, 1] ----> [3, 2, 0, 1]Failed
Case:  [0, 0, 0, 1] ----> [2, 0, 3, 1]
Case:  [2, 0, 0, 3] ----> [2, 0, 1, 3]Failed
Case:  [0, 2, 0, 1] ----> [0, 2, 3, 1]Failed
Case:  [0, 3, 2, 0] ----> [1, 3, 2, 0]Failed
Case:  [1, 3, 3, 0] ----> [1, 3, 2, 0]Failed
Case:  [2, 0, 0, 2] ----> [1, 3, 0, 2]
Case:  [3, 2, 1, 2] ----> [3, 1, 0, 2]Failed
Case:  [3, 0, 3, 2] ----> [2, 0, 3, 1]
Case:  [3, 1, 1, 0] ----> [2, 1, 3, 0]Failed
Case:  [0, 3, 0, 1] ----> [1, 3, 0, 2]
Case:  [3, 1, 0, 0] ----> [3, 1, 0, 2]Failed
Case:  [0, 2, 3, 0] ----> [0, 2, 3, 1]Failed
Case:  [2, 3, 2, 1] ----> [2, 0, 3, 1]
Case:  [1, 0, 3, 1] ----> [2, 0, 3, 1]
Case:  [2, 0, 3, 0] ----> [2, 0, 3, 1]
Case:  [1, 3, 2, 0] ----> [1, 3, 2, 0]Failed
Case:  [3, 3, 3, 3] ----> [1, 3, 0, 2]
Case:  [1, 0, 0, 1] ----> [3, 0, 2, 1]Failed
Case:  [0, 0, 0, 2] ----> [1, 3, 0, 2]
Case:  [1, 0, 2, 3] ----> [1, 0, 2, 3]Failed
Case:  [3, 3, 2, 1] ----> [3, 0, 2, 1]Failed
Case:  [1, 1, 3, 2] ----> [3, 1, 0, 2]Failed
Case:  [0, 3, 0, 0] ----> [1, 3, 0, 2]
Case:  [2, 0, 3, 1] ----> [2, 0, 3, 1]
Case:  [3, 2, 0, 2] ----> [1, 3, 0, 2]
Case:  [1, 1, 3, 3] ----> [2, 1, 3, 0]Failed
Case:  [1, 3, 2, 3] ----> [1, 3, 0, 2]
Case:  [1, 0, 1, 0] ----> [1, 3, 2, 0]Failed
Case:  [0, 2, 2, 0] ----> [1, 3, 2, 0]Failed
Case:  [0, 0, 2, 3] ----> [2, 0, 3, 1]
Case:  [3, 0, 1, 1] ----> [3, 0, 2, 1]Failed
Case:  [1, 0, 1, 3] ----> [2, 0, 1, 3]Failed
Case:  [0, 2, 1, 0] ----> [0, 2, 3, 1]Failed
Case:  [2, 3, 3, 2] ----> [2, 1, 3, 0]Failed
Case:  [2, 3, 2, 3] ----> [2, 0, 1, 3]Failed
Case:  [0, 0, 3, 1] ----> [2, 0, 3, 1]
Case:  [3, 2, 3, 2] ----> [1, 3, 0, 2]
Case:  [1, 0, 0, 0] ----> [1, 3, 0, 2]
Case:  [0, 3, 2, 0] ----> [1, 3, 2, 0]Failed
Case:  [2, 3, 1, 0] ----> [2, 3, 1, 0]Failed
Case:  [1, 3, 0, 1] ----> [1, 3, 0, 2]
Case:  [1, 1, 2, 3] ----> [1, 3, 2, 0]Failed
Case:  [3, 2, 0, 3] ----> [1, 2, 0, 3]Failed
Case:  [2, 3, 1, 3] ----> [2, 0, 1, 3]Failed
Case:  [0, 3, 1, 3] ----> [0, 3, 1, 2]Failed
Case:  [0, 1, 2, 0] ----> [2, 1, 3, 0]Failed
Case:  [2, 3, 3, 2] ----> [2, 0, 3, 1]
Case:  [1, 0, 0, 3] ----> [1, 3, 0, 2]
Case:  [2, 3, 3, 2] ----> [2, 1, 3, 0]Failed
Case:  [1, 0, 2, 0] ----> [1, 3, 2, 0]Failed
Case:  [1, 1, 1, 1] ----> [1, 3, 0, 2]
Case:  [0, 3, 3, 2] ----> [0, 3, 1, 2]Failed
Case:  [2, 2, 1, 2] ----> [2, 0, 1, 3]Failed
Case:  [0, 0, 2, 1] ----> [2, 0, 3, 1]
Case:  [3, 2, 3, 2] ----> [3, 1, 0, 2]Failed
Case:  [1, 1, 1, 3] ----> [1, 3, 0, 2]
Case:  [2, 0, 2, 3] ----> [2, 0, 1, 3]Failed
Case:  [3, 0, 3, 3] ----> [2, 0, 3, 1]
Case:  [2, 2, 0, 1] ----> [3, 2, 0, 1]Failed
Case:  [0, 3, 2, 0] ----> [1, 3, 2, 0]Failed
Case:  [3, 1, 0, 0] ----> [3, 1, 0, 2]Failed
Case:  [1, 3, 2, 1] ----> [1, 3, 2, 0]Failed
Case:  [0, 1, 3, 0] ----> [2, 1, 3, 0]Failed
Case:  [0, 0, 1, 2] ----> [0, 3, 1, 2]Failed
Case:  [1, 3, 3, 1] ----> [1, 3, 2, 0]Failed
Case:  [1, 3, 1, 1] ----> [1, 3, 0, 2]
Case:  [3, 3, 1, 1] ----> [0, 3, 1, 2]Failed
Case:  [1, 2, 3, 3] ----> [1, 2, 0, 3]Failed
Case:  [3, 0, 1, 3] ----> [2, 0, 1, 3]Failed
Case:  [2, 2, 1, 0] ----> [2, 0, 1, 3]Failed
Case:  [2, 2, 2, 2] ----> [1, 2, 0, 3]Failed
Case:  [3, 3, 1, 1] ----> [0, 3, 1, 2]Failed
Case:  [2, 3, 1, 3] ----> [2, 0, 1, 3]Failed
Case:  [3, 2, 1, 2] ----> [1, 3, 0, 2]
Case:  [0, 0, 1, 0] ----> [0, 3, 1, 2]Failed
Case:  [0, 3, 3, 1] ----> [2, 0, 3, 1]
Case:  [1, 0, 0, 3] ----> [1, 3, 0, 2]
Case:  [1, 0, 0, 3] ----> [1, 3, 0, 2]
Case:  [0, 2, 2, 3] ----> [0, 2, 1, 3]Failed
Case:  [2, 0, 1, 3] ----> [2, 0, 1, 3]Failed
Case:  [2, 3, 2, 0] ----> [1, 3, 2, 0]Failed
Case:  [2, 0, 3, 1] ----> [2, 0, 3, 1]
Case:  [2, 1, 0, 0] ----> [2, 1, 3, 0]Failed
Case:  [0, 2, 2, 0] ----> [1, 3, 2, 0]Failed
Case:  [1, 3, 0, 2] ----> [1, 3, 0, 2]
Case:  [3, 1, 3, 2] ----> [3, 1, 0, 2]Failed
Case:  [1, 3, 0, 1] ----> [1, 3, 0, 2]
Case:  [0, 1, 1, 0] ----> [2, 1, 3, 0]Failed
Case:  [2, 1, 0, 1] ----> [2, 0, 3, 1]
Case:  [0, 2, 1, 2] ----> [0, 3, 1, 2]Failed
Case:  [2, 1, 0, 3] ----> [1, 2, 0, 3]Failed
Case:  [2, 3, 3, 2] ----> [2, 0, 3, 1]
Case:  [2, 0, 2, 2] ----> [3, 0, 2, 1]Failed
Case:  [3, 1, 0, 1] ----> [3, 1, 0, 2]Failed
Case:  [1, 0, 3, 2] ----> [2, 0, 3, 1]
Case:  [1, 1, 2, 3] ----> [1, 0, 2, 3]Failed
Case:  [1, 0, 2, 0] ----> [1, 3, 2, 0]Failed
Case:  [2, 3, 1, 0] ----> [2, 3, 1, 0]Failed
Case:  [2, 0, 1, 0] ----> [2, 0, 3, 1]
Case:  [3, 3, 1, 1] ----> [0, 3, 1, 2]Failed
Case:  [0, 0, 1, 2] ----> [0, 3, 1, 2]Failed
Case:  [1, 0, 3, 0] ----> [2, 0, 3, 1]
Case:  [0, 3, 3, 3] ----> [0, 3, 1, 2]Failed
Case:  [0, 2, 0, 1] ----> [0, 2, 3, 1]Failed
Case:  [1, 1, 0, 2] ----> [1, 3, 0, 2]
Case:  [3, 1, 1, 3] ----> [2, 0, 1, 3]Failed
Case:  [3, 3, 0, 2] ----> [1, 3, 0, 2]
Case:  [2, 2, 3, 3] ----> [2, 0, 3, 1]
Case:  [3, 3, 0, 0] ----> [1, 3, 0, 2]
Case:  [1, 1, 2, 0] ----> [1, 3, 2, 0]Failed
Case:  [1, 1, 3, 2] ----> [1, 3, 0, 2]
Case:  [0, 0, 2, 2] ----> [3, 0, 2, 1]Failed
Case:  [2, 0, 2, 0] ----> [2, 0, 3, 1]
Case:  [3, 0, 3, 3] ----> [2, 0, 3, 1]
Case:  [0, 1, 3, 2] ----> [0, 1, 3, 2]Failed
Case:  [1, 2, 1, 3] ----> [1, 2, 0, 3]Failed
Case:  [3, 3, 3, 0] ----> [2, 1, 3, 0]Failed
Case:  [2, 3, 3, 3] ----> [2, 0, 3, 1]
Case:  [3, 1, 2, 3] ----> [3, 1, 0, 2]Failed
Case:  [2, 0, 2, 3] ----> [2, 0, 3, 1]
Case:  [0, 3, 0, 3] ----> [1, 3, 0, 2]
Case:  [2, 3, 1, 0] ----> [2, 3, 1, 0]Failed
Case:  [0, 1, 0, 0] ----> [2, 1, 3, 0]Failed
Case:  [2, 2, 2, 2] ----> [2, 0, 1, 3]Failed
Case:  [0, 1, 2, 2] ----> [3, 1, 0, 2]Failed
Case:  [2, 2, 1, 2] ----> [2, 0, 1, 3]Failed
Case:  [1, 1, 2, 1] ----> [1, 3, 2, 0]Failed
Case:  [0, 3, 3, 2] ----> [0, 3, 1, 2]Failed
Case:  [3, 3, 2, 2] ----> [1, 3, 0, 2]
Case:  [2, 0, 2, 1] ----> [2, 0, 3, 1]
Case:  [1, 0, 3, 0] ----> [2, 0, 3, 1]
Case:  [1, 1, 1, 0] ----> [2, 1, 3, 0]Failed
Case:  [3, 0, 0, 1] ----> [2, 0, 3, 1]
Case:  [1, 3, 0, 2] ----> [1, 3, 0, 2]
Case:  [3, 2, 2, 0] ----> [3, 0, 2, 1]Failed
Case:  [2, 2, 0, 3] ----> [1, 2, 0, 3]Failed
Case:  [1, 0, 3, 1] ----> [2, 0, 3, 1]
Case:  [2, 0, 2, 0] ----> [2, 0, 3, 1]
Case:  [0, 2, 0, 1] ----> [0, 2, 3, 1]Failed
Case:  [1, 1, 3, 0] ----> [2, 1, 3, 0]Failed
Case:  [3, 3, 3, 0] ----> [2, 1, 3, 0]Failed
Case:  [3, 1, 0, 3] ----> [3, 1, 0, 2]Failed
Case:  [3, 2, 3, 3] ----> [1, 2, 0, 3]Failed
Case:  [2, 0, 2, 3] ----> [2, 0, 3, 1]
Case:  [2, 1, 1, 1] ----> [2, 0, 3, 1]
Case:  [0, 0, 2, 2] ----> [3, 0, 2, 1]Failed
Case:  [2, 3, 0, 2] ----> [1, 3, 0, 2]
Case:  [2, 0, 1, 0] ----> [2, 0, 3, 1]
Case:  [0, 2, 1, 1] ----> [0, 2, 3, 1]Failed
Case:  [1, 3, 2, 0] ----> [1, 3, 2, 0]Failed
Case:  [2, 0, 3, 2] ----> [2, 0, 3, 1]
Case:  [0, 1, 3, 1] ----> [0, 2, 3, 1]Failed
Case:  [0, 0, 3, 1] ----> [2, 0, 3, 1]
Case:  [3, 2, 1, 3] ----> [0, 2, 1, 3]Failed
Case:  [2, 0, 3, 3] ----> [2, 0, 3, 1]
Case:  [3, 0, 3, 0] ----> [2, 0, 3, 1]
Case:  [3, 0, 2, 2] ----> [3, 0, 2, 1]Failed
Case:  [3, 1, 3, 2] ----> [3, 1, 0, 2]Failed
Case:  [1, 1, 1, 3] ----> [1, 3, 0, 2]
Case:  [1, 1, 1, 1] ----> [2, 1, 3, 0]Failed
Case:  [3, 3, 2, 2] ----> [1, 3, 0, 2]
Case:  [0, 1, 0, 2] ----> [1, 3, 0, 2]
Case:  [0, 3, 3, 3] ----> [0, 3, 3, 0]Failed
Case:  [1, 1, 2, 2] ----> [1, 3, 0, 2]
Case:  [2, 3, 1, 3] ----> [2, 0, 1, 3]Failed
Case:  [0, 2, 1, 0] ----> [0, 2, 3, 1]Failed
Case:  [2, 2, 0, 3] ----> [1, 2, 0, 3]Failed
Case:  [2, 1, 3, 3] ----> [2, 1, 3, 0]Failed
Case:  [1, 0, 0, 1] ----> [2, 0, 3, 1]
Case:  [0, 0, 2, 1] ----> [3, 0, 2, 1]Failed
Case:  [0, 0, 2, 1] ----> [3, 0, 2, 1]Failed
Case:  [0, 1, 2, 2] ----> [3, 1, 0, 2]Failed
Case:  [3, 3, 3, 3] ----> [2, 0, 3, 1]
Case:  [2, 2, 0, 2] ----> [1, 3, 0, 2]
Case:  [3, 1, 0, 2] ----> [3, 1, 0, 2]Failed
Case:  [3, 3, 3, 3] ----> [2, 0, 3, 1]
Case:  [1, 2, 3, 2] ----> [1, 3, 0, 2]
Case:  [1, 2, 0, 1] ----> [1, 2, 0, 3]Failed
Case:  [3, 2, 1, 1] ----> [3, 2, 0, 1]Failed
Case:  [3, 2, 3, 0] ----> [2, 1, 3, 0]Failed
Case:  [1, 0, 1, 2] ----> [1, 3, 0, 2]
Case:  [3, 3, 1, 1] ----> [0, 3, 1, 2]Failed
Case:  [1, 3, 1, 2] ----> [1, 3, 0, 2]
Case:  [1, 3, 1, 1] ----> [1, 3, 0, 2]
Case:  [0, 3, 1, 0] ----> [0, 3, 1, 2]Failed
Case:  [1, 1, 0, 1] ----> [1, 3, 0, 2]
Case:  [0, 1, 1, 3] ----> [0, 3, 1, 2]Failed
Case:  [1, 2, 0, 1] ----> [1, 2, 0, 3]Failed
Case:  [0, 2, 0, 0] ----> [1, 3, 0, 2]
Case:  [0, 2, 2, 0] ----> [1, 3, 2, 0]Failed
Case:  [3, 2, 0, 2] ----> [1, 3, 0, 2]
Case:  [2, 3, 2, 1] ----> [2, 0, 3, 1]
Case:  [2, 0, 3, 1] ----> [2, 0, 3, 1]
Case:  [0, 2, 2, 2] ----> [1, 3, 0, 2]
Case:  [2, 2, 3, 0] ----> [2, 0, 3, 1]
Case:  [0, 0, 3, 2] ----> [2, 0, 3, 1]
Case:  [2, 3, 1, 3] ----> [2, 0, 1, 3]Failed
Case:  [3, 2, 1, 3] ----> [1, 2, 0, 3]Failed
Case:  [2, 3, 3, 1] ----> [2, 0, 3, 1]
Case:  [0, 3, 3, 1] ----> [2, 0, 3, 1]
Case:  [2, 0, 1, 2] ----> [2, 0, 1, 3]Failed
Case:  [0, 0, 2, 0] ----> [2, 0, 3, 1]
Case:  [1, 1, 0, 1] ----> [1, 3, 0, 2]
Case:  [1, 1, 2, 1] ----> [1, 3, 2, 0]Failed
Case:  [3, 1, 0, 1] ----> [3, 1, 0, 2]Failed
Case:  [2, 1, 1, 1] ----> [2, 0, 3, 1]
Case:  [2, 1, 2, 3] ----> [2, 0, 3, 1]
Case:  [2, 3, 0, 2] ----> [1, 3, 0, 2]
Case:  [0, 3, 1, 1] ----> [0, 3, 1, 2]Failed
Case:  [2, 3, 3, 1] ----> [2, 0, 3, 1]
Case:  [1, 1, 1, 3] ----> [1, 3, 0, 2]
Case:  [0, 1, 1, 3] ----> [0, 3, 1, 2]Failed
Case:  [1, 1, 3, 3] ----> [2, 1, 3, 0]Failed
Case:  [3, 3, 2, 0] ----> [1, 3, 2, 0]Failed
Case:  [1, 3, 1, 0] ----> [1, 3, 2, 0]Failed
Case:  [1, 0, 1, 3] ----> [2, 0, 1, 3]Failed
Case:  [3, 1, 3, 3] ----> [3, 1, 0, 2]Failed
Case:  [1, 0, 2, 0] ----> [1, 3, 2, 0]Failed
Case:  [2, 2, 3, 3] ----> [2, 0, 3, 1]
Case:  [3, 0, 1, 1] ----> [3, 0, 2, 1]Failed
Case:  [2, 1, 0, 1] ----> [2, 0, 3, 1]
Case:  [2, 0, 2, 2] ----> [3, 0, 2, 1]Failed
Case:  [2, 0, 3, 1] ----> [2, 0, 3, 1]
Case:  [0, 1, 1, 1] ----> [0, 2, 3, 1]Failed
Case:  [0, 2, 2, 3] ----> [1, 2, 0, 3]Failed
Case:  [0, 1, 0, 1] ----> [2, 0, 3, 1]
Case:  [3, 1, 0, 2] ----> [3, 1, 0, 2]Failed
Case:  [2, 0, 1, 0] ----> [2, 0, 1, 3]Failed
Case:  [2, 0, 2, 3] ----> [2, 0, 1, 3]Failed
Case:  [1, 2, 1, 1] ----> [0, 2, 3, 1]Failed
Case:  [1, 1, 1, 1] ----> [1, 3, 0, 2]
Case:  [3, 0, 0, 3] ----> [3, 0, 0, 3]Failed
Case:  [3, 2, 0, 0] ----> [3, 2, 0, 1]Failed
Case:  [0, 3, 1, 2] ----> [0, 3, 1, 2]Failed
Case:  [1, 2, 1, 2] ----> [1, 3, 0, 2]
Case:  [1, 0, 1, 2] ----> [1, 3, 0, 2]
Case:  [1, 0, 3, 3] ----> [2, 0, 3, 1]
Case:  [0, 2, 1, 1] ----> [0, 2, 3, 1]Failed
Case:  [2, 2, 2, 1] ----> [2, 0, 3, 1]
Case:  [1, 2, 2, 3] ----> [1, 2, 0, 3]Failed
Case:  [0, 2, 0, 3] ----> [1, 2, 0, 3]Failed
Case:  [3, 3, 1, 0] ----> [1, 3, 0, 2]
Case:  [3, 1, 0, 3] ----> [3, 1, 0, 2]Failed
Case:  [0, 3, 2, 0] ----> [1, 3, 2, 0]Failed
Case:  [0, 0, 0, 3] ----> [1, 2, 0, 3]Failed
Case:  [1, 3, 0, 2] ----> [1, 3, 0, 2]
Case:  [2, 0, 1, 3] ----> [2, 0, 1, 3]Failed
Case:  [2, 2, 1, 2] ----> [2, 0, 1, 3]Failed
Case:  [0, 0, 0, 3] ----> [3, 0, 0, 3]Failed
Case:  [0, 3, 2, 1] ----> [0, 3, 1, 2]Failed
Case:  [3, 1, 0, 1] ----> [3, 1, 0, 2]Failed
Case:  [2, 3, 3, 0] ----> [2, 1, 3, 0]Failed
Case:  [2, 0, 2, 3] ----> [2, 0, 1, 3]Failed
Case:  [2, 3, 3, 2] ----> [2, 0, 3, 1]
Case:  [2, 1, 2, 0] ----> [2, 1, 3, 0]Failed
Case:  [2, 0, 2, 0] ----> [2, 0, 3, 1]
Case:  [1, 0, 1, 3] ----> [2, 0, 1, 3]Failed
Case:  [0, 2, 3, 2] ----> [0, 2, 3, 1]Failed
Case:  [0, 3, 3, 2] ----> [0, 3, 1, 2]Failed
Case:  [2, 2, 2, 0] ----> [2, 0, 3, 1]
Case:  [0, 1, 1, 3] ----> [0, 2, 1, 3]Failed
Case:  [2, 2, 3, 2] ----> [2, 0, 3, 1]
Case:  [0, 0, 0, 1] ----> [2, 0, 3, 1]
Case:  [3, 3, 2, 1] ----> [3, 0, 2, 1]Failed
Case:  [1, 0, 0, 0] ----> [1, 3, 0, 2]
Case:  [1, 0, 2, 2] ----> [1, 3, 0, 2]
Case:  [3, 2, 2, 2] ----> [1, 3, 0, 2]
Case:  [0, 1, 0, 1] ----> [0, 2, 3, 1]Failed
Case:  [0, 0, 3, 0] ----> [2, 0, 3, 1]
Case:  [0, 0, 2, 3] ----> [1, 0, 2, 3]Failed
Case:  [2, 2, 1, 1] ----> [2, 0, 1, 3]Failed
Case:  [0, 0, 3, 3] ----> [2, 0, 3, 1]
Case:  [3, 3, 2, 3] ----> [3, 0, 2, 1]Failed
Case:  [2, 2, 3, 0] ----> [2, 0, 3, 1]
Case:  [3, 2, 3, 0] ----> [2, 1, 3, 0]Failed
Case:  [2, 3, 3, 3] ----> [2, 0, 3, 1]
Case:  [2, 2, 2, 0] ----> [2, 0, 3, 1]
Case:  [2, 2, 2, 0] ----> [2, 0, 3, 1]
Case:  [3, 2, 3, 2] ----> [3, 1, 0, 2]Failed
Case:  [0, 2, 0, 2] ----> [1, 3, 0, 2]
Case:  [2, 3, 1, 2] ----> [0, 3, 1, 2]Failed
Case:  [1, 2, 1, 1] ----> [0, 2, 3, 1]Failed
Case:  [0, 3, 2, 3] ----> [0, 3, 1, 2]Failed
Case:  [1, 3, 1, 0] ----> [1, 3, 2, 0]Failed
Case:  [1, 0, 3, 2] ----> [2, 0, 3, 1]
Case:  [0, 2, 1, 2] ----> [0, 3, 1, 2]Failed
Case:  [0, 1, 3, 3] ----> [0, 1, 3, 2]Failed
Case:  [0, 0, 2, 1] ----> [3, 0, 2, 1]Failed
Case:  [0, 3, 0, 3] ----> [1, 3, 0, 2]
Case:  [0, 0, 0, 3] ----> [1, 2, 0, 3]Failed
Case:  [1, 0, 2, 1] ----> [3, 0, 2, 1]Failed
Case:  [0, 1, 3, 2] ----> [0, 1, 3, 2]Failed
Case:  [3, 3, 2, 1] ----> [3, 0, 2, 1]Failed
Case:  [0, 3, 3, 2] ----> [1, 3, 0, 2]
Case:  [1, 2, 1, 2] ----> [1, 3, 0, 2]
Case:  [3, 1, 1, 2] ----> [3, 1, 0, 2]Failed
Case:  [2, 3, 1, 3] ----> [2, 0, 1, 3]Failed
Case:  [2, 3, 3, 0] ----> [2, 0, 3, 1]
Case:  [0, 2, 2, 0] ----> [0, 2, 3, 1]Failed
Case:  [2, 0, 2, 1] ----> [2, 0, 3, 1]
Case:  [3, 3, 1, 0] ----> [1, 3, 0, 2]
Case:  [2, 2, 2, 2] ----> [3, 0, 2, 1]Failed
Case:  [2, 2, 1, 0] ----> [2, 0, 1, 3]Failed
Case:  [2, 3, 3, 3] ----> [2, 0, 3, 1]
Case:  [2, 2, 3, 3] ----> [2, 0, 3, 1]
Case:  [1, 3, 1, 2] ----> [1, 3, 0, 2]
Case:  [1, 0, 3, 0] ----> [2, 0, 3, 1]
Case:  [1, 1, 1, 3] ----> [1, 3, 0, 2]
Case:  [3, 0, 3, 3] ----> [2, 0, 3, 1]
Case:  [2, 2, 3, 2] ----> [2, 0, 3, 1]
Case:  [1, 2, 2, 1] ----> [1, 2, 0, 3]Failed
Case:  [2, 0, 0, 1] ----> [2, 0, 3, 1]
Case:  [2, 2, 1, 3] ----> [2, 0, 1, 3]Failed
Case:  [1, 0, 1, 3] ----> [2, 0, 1, 3]Failed
Case:  [0, 1, 3, 1] ----> [0, 2, 3, 1]Failed
Case:  [0, 1, 2, 2] ----> [3, 1, 0, 2]Failed
Case:  [3, 0, 0, 1] ----> [2, 0, 3, 1]
Case:  [1, 2, 1, 1] ----> [0, 2, 3, 1]Failed
Case:  [1, 1, 3, 2] ----> [2, 1, 3, 0]Failed
Case:  [1, 1, 3, 0] ----> [2, 1, 3, 0]Failed
Case:  [0, 1, 2, 0] ----> [1, 3, 2, 0]Failed
Case:  [1, 1, 2, 3] ----> [1, 0, 2, 3]Failed
Case:  [3, 1, 3, 2] ----> [3, 1, 0, 2]Failed
Case:  [3, 0, 2, 1] ----> [3, 0, 2, 1]Failed
Case:  [2, 3, 3, 3] ----> [2, 0, 3, 1]
Case:  [3, 0, 2, 2] ----> [3, 0, 2, 1]Failed
Case:  [1, 2, 0, 3] ----> [1, 2, 0, 3]Failed
Case:  [3, 1, 0, 3] ----> [3, 1, 0, 2]Failed
Case:  [1, 1, 1, 1] ----> [2, 0, 3, 1]
Case:  [2, 0, 0, 2] ----> [2, 0, 3, 1]
Case:  [3, 0, 3, 1] ----> [2, 0, 3, 1]
Case:  [3, 3, 0, 3] ----> [1, 3, 0, 2]
Case:  [3, 2, 3, 2] ----> [3, 1, 0, 2]Failed
Case:  [3, 2, 0, 1] ----> [3, 2, 0, 1]Failed
Case:  [2, 2, 3, 1] ----> [2, 0, 3, 1]
Case:  [3, 2, 0, 1] ----> [3, 2, 0, 1]Failed
Case:  [2, 0, 3, 0] ----> [2, 0, 3, 1]
Case:  [1, 1, 0, 3] ----> [1, 2, 0, 3]Failed
Case:  [0, 0, 2, 2] ----> [3, 0, 2, 1]Failed
Case:  [2, 1, 2, 1] ----> [2, 0, 3, 1]
Case:  [2, 3, 2, 2] ----> [1, 3, 0, 2]
Case:  [1, 1, 3, 0] ----> [2, 1, 3, 0]Failed
Case:  [1, 0, 3, 2] ----> [1, 3, 0, 2]
Case:  [1, 2, 1, 2] ----> [1, 3, 0, 2]
Case:  [2, 1, 0, 2] ----> [3, 1, 0, 2]Failed
Case:  [3, 3, 0, 3] ----> [1, 3, 0, 2]
Case:  [0, 3, 1, 3] ----> [0, 3, 1, 2]Failed
Case:  [2, 3, 0, 1] ----> [1, 3, 0, 2]
Case:  [1, 1, 2, 1] ----> [1, 3, 2, 0]Failed
Case:  [2, 1, 1, 2] ----> [0, 3, 1, 2]Failed
Case:  [0, 2, 3, 1] ----> [0, 2, 3, 1]Failed
Case:  [1, 1, 0, 2] ----> [1, 3, 0, 2]
Case:  [2, 1, 0, 2] ----> [3, 1, 0, 2]Failed
Case:  [0, 1, 1, 2] ----> [0, 3, 1, 2]Failed
Case:  [3, 3, 0, 3] ----> [1, 3, 0, 2]
Case:  [1, 3, 1, 3] ----> [1, 3, 0, 2]
Case:  [0, 1, 1, 2] ----> [0, 3, 1, 2]Failed
Case:  [1, 0, 3, 0] ----> [2, 0, 3, 1]
Case:  [0, 0, 1, 1] ----> [2, 0, 3, 1]
Case:  [0, 2, 2, 2] ----> [1, 3, 0, 2]
Case:  [1, 3, 1, 3] ----> [1, 3, 0, 2]
Case:  [3, 1, 0, 0] ----> [3, 1, 0, 2]Failed
Case:  [3, 2, 3, 2] ----> [3, 1, 0, 2]Failed
Case:  [0, 2, 2, 3] ----> [1, 2, 0, 3]Failed
Case:  [1, 2, 3, 2] ----> [1, 3, 0, 2]
Case:  [3, 1, 2, 0] ----> [3, 1, 2, 0]Failed
Case:  [2, 1, 1, 1] ----> [2, 0, 3, 1]
Case:  [0, 2, 0, 1] ----> [0, 2, 3, 1]Failed
Case:  [1, 2, 0, 0] ----> [1, 2, 0, 3]Failed
Case:  [3, 0, 0, 1] ----> [3, 0, 2, 1]Failed
Case:  [3, 1, 0, 3] ----> [3, 1, 0, 2]Failed
Case:  [1, 0, 3, 2] ----> [2, 0, 3, 1]
Case:  [1, 1, 0, 3] ----> [1, 3, 0, 2]
Case:  [3, 1, 1, 2] ----> [3, 1, 0, 2]Failed
Case:  [0, 1, 2, 3] ----> [1, 0, 2, 3]Failed
Case:  [1, 2, 0, 3] ----> [1, 2, 0, 3]Failed
Case:  [1, 2, 3, 2] ----> [1, 3, 0, 2]
Case:  [2, 0, 2, 2] ----> [2, 0, 1, 3]Failed
Case:  [1, 1, 3, 1] ----> [2, 0, 3, 1]
Case:  [1, 2, 0, 1] ----> [1, 2, 0, 3]Failed
Case:  [0, 1, 2, 2] ----> [0, 1, 3, 2]Failed
Case:  [3, 1, 3, 1] ----> [2, 0, 3, 1]
Case:  [0, 1, 2, 0] ----> [3, 1, 2, 0]Failed
Case:  [2, 0, 3, 2] ----> [2, 0, 3, 1]
Case:  [2, 1, 3, 1] ----> [2, 0, 3, 1]
Case:  [1, 3, 1, 0] ----> [1, 3, 0, 2]
Case:  [1, 3, 1, 3] ----> [1, 3, 0, 2]
Case:  [3, 1, 1, 3] ----> [2, 0, 1, 3]Failed
Case:  [3, 0, 0, 2] ----> [1, 3, 0, 2]
Case:  [3, 3, 3, 0] ----> [1, 3, 0, 2]
Case:  [0, 1, 3, 2] ----> [0, 1, 3, 2]Failed
Case:  [3, 0, 1, 0] ----> [3, 0, 2, 1]Failed
Case:  [1, 3, 1, 2] ----> [1, 3, 0, 2]
Case:  [0, 0, 2, 2] ----> [3, 0, 2, 1]Failed
Case:  [2, 1, 2, 1] ----> [2, 0, 3, 1]
Case:  [3, 2, 3, 1] ----> [0, 2, 3, 1]Failed
Case:  [2, 3, 2, 1] ----> [2, 0, 3, 1]
Case:  [0, 1, 2, 3] ----> [0, 2, 1, 3]Failed
Case:  [1, 2, 3, 1] ----> [0, 2, 3, 1]Failed
Case:  [1, 0, 1, 1] ----> [2, 0, 3, 1]
Case:  [1, 3, 2, 1] ----> [1, 3, 2, 0]Failed
Case:  [1, 2, 3, 1] ----> [0, 2, 3, 1]Failed
Case:  [0, 1, 2, 0] ----> [1, 3, 2, 0]Failed
Case:  [3, 3, 2, 3] ----> [3, 0, 2, 1]Failed
Case:  [1, 2, 1, 1] ----> [0, 2, 3, 1]Failed
Case:  [0, 0, 3, 1] ----> [2, 0, 3, 1]
Case:  [1, 2, 3, 0] ----> [2, 1, 3, 0]Failed
Case:  [0, 0, 0, 2] ----> [1, 3, 0, 2]
Case:  [1, 0, 2, 1] ----> [3, 0, 2, 1]Failed
Case:  [0, 1, 0, 3] ----> [1, 2, 0, 3]Failed
Case:  [3, 2, 3, 0] ----> [2, 1, 3, 0]Failed
Case:  [3, 2, 3, 3] ----> [1, 2, 0, 3]Failed
Case:  [1, 2, 2, 0] ----> [1, 3, 2, 0]Failed
Case:  [3, 0, 3, 1] ----> [2, 0, 3, 1]
Case:  [2, 2, 3, 2] ----> [2, 0, 3, 1]
Case:  [1, 3, 3, 0] ----> [1, 3, 2, 0]Failed
Case:  [2, 3, 2, 0] ----> [1, 3, 2, 0]Failed
Case:  [0, 0, 3, 2] ----> [2, 0, 3, 1]
Case:  [3, 2, 3, 3] ----> [1, 2, 0, 3]Failed
Case:  [3, 0, 3, 1] ----> [2, 0, 3, 1]
Case:  [3, 0, 1, 2] ----> [3, 0, 2, 1]Failed
Case:  [2, 3, 2, 1] ----> [2, 0, 3, 1]
Case:  [3, 1, 0, 2] ----> [3, 1, 0, 2]Failed
Case:  [3, 2, 1, 3] ----> [2, 0, 1, 3]Failed
Case:  [1, 0, 3, 0] ----> [2, 0, 3, 1]
Case:  [2, 3, 1, 0] ----> [2, 3, 1, 0]Failed
Case:  [3, 1, 0, 3] ----> [3, 1, 0, 2]Failed
Case:  [3, 2, 0, 3] ----> [1, 2, 0, 3]Failed
Case:  [1, 2, 1, 3] ----> [1, 2, 0, 3]Failed
Case:  [0, 1, 3, 0] ----> [2, 1, 3, 0]Failed
Case:  [0, 1, 3, 2] ----> [0, 1, 3, 2]Failed
Case:  [3, 2, 3, 1] ----> [2, 0, 3, 1]
Case:  [3, 2, 1, 0] ----> [2, 3, 1, 0]Failed
Case:  [1, 1, 0, 2] ----> [1, 3, 0, 2]
Case:  [0, 3, 0, 0] ----> [1, 3, 0, 2]
Case:  [0, 1, 0, 1] ----> [0, 2, 3, 1]Failed
Case:  [0, 0, 2, 0] ----> [3, 0, 2, 1]Failed
Case:  [0, 1, 0, 3] ----> [1, 2, 0, 3]Failed
Case:  [3, 2, 1, 0] ----> [1, 3, 2, 0]Failed
Case:  [0, 0, 2, 1] ----> [2, 0, 3, 1]
Case:  [2, 2, 3, 1] ----> [2, 0, 3, 1]
Case:  [3, 1, 3, 3] ----> [2, 1, 3, 0]Failed
Case:  [0, 0, 0, 3] ----> [1, 2, 0, 3]Failed
Case:  [0, 0, 2, 1] ----> [2, 0, 3, 1]
Case:  [3, 2, 3, 0] ----> [2, 1, 3, 0]Failed
Case:  [1, 3, 2, 3] ----> [1, 3, 0, 2]
Case:  [1, 2, 2, 3] ----> [1, 2, 0, 3]Failed
Case:  [1, 2, 3, 3] ----> [1, 2, 0, 3]Failed
Case:  [1, 2, 3, 1] ----> [0, 2, 3, 1]Failed
Case:  [3, 2, 2, 2] ----> [1, 3, 0, 2]
Case:  [2, 0, 3, 0] ----> [2, 0, 3, 1]
Case:  [0, 2, 3, 3] ----> [0, 2, 3, 1]Failed
Case:  [3, 1, 0, 0] ----> [3, 1, 0, 2]Failed
Case:  [2, 2, 2, 1] ----> [2, 0, 3, 1]
Case:  [2, 0, 1, 2] ----> [2, 0, 1, 3]Failed
Case:  [0, 1, 3, 1] ----> [0, 2, 3, 1]Failed
Case:  [3, 3, 1, 0] ----> [0, 3, 1, 2]Failed
Case:  [3, 2, 1, 3] ----> [0, 2, 1, 3]Failed
Case:  [0, 3, 0, 1] ----> [1, 3, 0, 2]
Case:  [1, 1, 3, 2] ----> [1, 3, 0, 2]
Case:  [3, 1, 0, 0] ----> [3, 1, 0, 2]Failed
Case:  [3, 1, 1, 3] ----> [3, 1, 0, 2]Failed
Case:  [1, 2, 1, 1] ----> [0, 2, 3, 1]Failed
Case:  [3, 1, 2, 2] ----> [3, 1, 0, 2]Failed
Case:  [0, 0, 1, 3] ----> [2, 0, 1, 3]Failed
Case:  [1, 0, 2, 0] ----> [1, 3, 2, 0]Failed
Case:  [2, 2, 0, 0] ----> [1, 2, 0, 3]Failed
Case:  [2, 0, 1, 2] ----> [2, 0, 1, 3]Failed
Case:  [0, 0, 0, 3] ----> [3, 0, 0, 3]Failed
Case:  [0, 1, 3, 0] ----> [2, 1, 3, 0]Failed
Case:  [2, 2, 1, 1] ----> [0, 2, 3, 1]Failed
Case:  [0, 1, 0, 1] ----> [0, 2, 3, 1]Failed
Case:  [3, 1, 2, 2] ----> [3, 1, 0, 2]Failed
Case:  [0, 3, 0, 0] ----> [1, 3, 0, 2]
Case:  [1, 1, 3, 0] ----> [2, 1, 3, 0]Failed
Case:  [1, 1, 2, 2] ----> [1, 3, 0, 2]
Case:  [3, 1, 0, 0] ----> [3, 1, 0, 2]Failed
Case:  [3, 0, 1, 2] ----> [3, 0, 2, 1]Failed
Case:  [3, 3, 2, 0] ----> [1, 3, 2, 0]Failed
Case:  [3, 0, 0, 1] ----> [2, 0, 3, 1]
Case:  [0, 1, 0, 0] ----> [2, 1, 3, 0]Failed
Case:  [0, 2, 1, 0] ----> [0, 2, 3, 1]Failed
Case:  [2, 2, 3, 2] ----> [2, 0, 3, 1]
Case:  [2, 1, 2, 0] ----> [2, 1, 3, 0]Failed
Case:  [0, 3, 2, 2] ----> [0, 3, 1, 2]Failed
Case:  [2, 1, 0, 1] ----> [2, 0, 3, 1]
Case:  [0, 1, 0, 1] ----> [0, 2, 3, 1]Failed
Case:  [3, 1, 1, 3] ----> [2, 0, 1, 3]Failed
Case:  [1, 1, 1, 2] ----> [1, 3, 0, 2]
Case:  [3, 3, 0, 3] ----> [1, 3, 0, 2]
Case:  [2, 1, 2, 2] ----> [3, 1, 0, 2]Failed
Case:  [2, 2, 0, 1] ----> [3, 2, 0, 1]Failed
Case:  [3, 1, 2, 0] ----> [3, 1, 2, 0]Failed
Case:  [0, 1, 3, 3] ----> [0, 1, 3, 2]Failed
Case:  [3, 2, 0, 1] ----> [3, 2, 0, 1]Failed
Case:  [0, 0, 0, 0] ----> [1, 3, 0, 2]
Case:  [3, 3, 3, 0] ----> [0, 3, 3, 0]Failed
Case:  [2, 2, 3, 3] ----> [2, 0, 3, 1]
Case:  [2, 3, 2, 3] ----> [2, 0, 3, 1]
Case:  [3, 0, 0, 1] ----> [2, 0, 3, 1]
Case:  [1, 0, 0, 1] ----> [2, 0, 3, 1]
Case:  [3, 2, 1, 3] ----> [2, 0, 1, 3]Failed
Case:  [1, 3, 2, 2] ----> [1, 3, 0, 2]
Case:  [3, 3, 3, 3] ----> [1, 3, 0, 2]
Case:  [0, 0, 3, 3] ----> [2, 0, 3, 1]
Case:  [2, 3, 0, 0] ----> [1, 3, 0, 2]
Case:  [2, 3, 1, 2] ----> [0, 3, 1, 2]Failed
Case:  [2, 2, 3, 1] ----> [2, 0, 3, 1]
Case:  [3, 2, 1, 1] ----> [3, 2, 0, 1]Failed
Case:  [0, 3, 2, 3] ----> [0, 3, 1, 2]Failed
Case:  [1, 2, 0, 1] ----> [1, 2, 0, 3]Failed
Case:  [3, 2, 2, 0] ----> [3, 1, 2, 0]Failed
Case:  [3, 2, 2, 2] ----> [1, 3, 0, 2]
Case:  [0, 2, 1, 1] ----> [0, 2, 3, 1]Failed
Case:  [2, 1, 3, 3] ----> [2, 1, 3, 0]Failed
Case:  [3, 0, 2, 0] ----> [3, 0, 2, 1]Failed
Case:  [2, 1, 0, 0] ----> [2, 1, 3, 0]Failed
Case:  [1, 2, 1, 2] ----> [1, 3, 0, 2]
Case:  [2, 1, 0, 0] ----> [2, 1, 3, 0]Failed
Case:  [2, 2, 0, 3] ----> [1, 2, 0, 3]Failed
Case:  [3, 2, 2, 1] ----> [3, 0, 2, 1]Failed
Case:  [0, 0, 1, 3] ----> [2, 0, 1, 3]Failed
Case:  [2, 0, 3, 1] ----> [2, 0, 3, 1]
Case:  [1, 3, 1, 3] ----> [1, 3, 0, 2]
Case:  [1, 2, 2, 2] ----> [1, 3, 0, 2]
Case:  [1, 0, 2, 2] ----> [1, 0, 2, 3]Failed
Case:  [0, 1, 0, 3] ----> [1, 2, 0, 3]Failed
Case:  [3, 2, 2, 3] ----> [3, 0, 2, 1]Failed
Case:  [3, 3, 1, 2] ----> [1, 3, 0, 2]
Case:  [1, 2, 0, 1] ----> [1, 2, 0, 3]Failed
Case:  [2, 1, 2, 2] ----> [3, 1, 0, 2]Failed
Case:  [3, 3, 0, 1] ----> [1, 3, 0, 2]
Case:  [3, 0, 0, 1] ----> [2, 0, 3, 1]
Case:  [2, 2, 0, 1] ----> [3, 2, 0, 1]Failed
Case:  [2, 3, 2, 2] ----> [1, 3, 0, 2]
Case:  [2, 3, 1, 3] ----> [2, 0, 1, 3]Failed
Case:  [3, 2, 0, 2] ----> [3, 1, 0, 2]Failed
Case:  [1, 2, 0, 3] ----> [1, 2, 0, 3]Failed
Case:  [0, 2, 1, 3] ----> [0, 2, 1, 3]Failed
Case:  [3, 2, 2, 1] ----> [3, 0, 2, 1]Failed
Case:  [2, 0, 2, 0] ----> [2, 0, 3, 1]
Case:  [0, 1, 0, 2] ----> [3, 1, 0, 2]Failed
Case:  [1, 1, 1, 2] ----> [1, 3, 0, 2]
Case:  [3, 2, 3, 0] ----> [2, 1, 3, 0]Failed
Case:  [0, 1, 3, 0] ----> [2, 1, 3, 0]Failed
Case:  [3, 3, 3, 1] ----> [2, 0, 3, 1]
Case:  [1, 0, 2, 1] ----> [3, 0, 2, 1]Failed
Case:  [3, 0, 1, 1] ----> [3, 0, 2, 1]Failed
Case:  [1, 0, 2, 0] ----> [1, 3, 2, 0]Failed
Case:  [0, 3, 3, 2] ----> [1, 3, 0, 2]
Case:  [2, 2, 2, 1] ----> [2, 0, 3, 1]
Case:  [2, 0, 2, 1] ----> [2, 0, 3, 1]
Case:  [1, 1, 1, 0] ----> [1, 3, 2, 0]Failed
Case:  [2, 2, 1, 3] ----> [2, 0, 1, 3]Failed
Case:  [3, 1, 3, 1] ----> [2, 0, 3, 1]
Case:  [1, 0, 3, 1] ----> [2, 0, 3, 1]
Case:  [1, 1, 3, 1] ----> [0, 2, 3, 1]Failed
Case:  [3, 0, 1, 0] ----> [3, 0, 2, 1]Failed
Case:  [1, 2, 1, 0] ----> [1, 3, 2, 0]Failed
Case:  [1, 1, 3, 3] ----> [2, 1, 3, 0]Failed
Case:  [0, 3, 0, 0] ----> [1, 3, 0, 2]
Case:  [2, 3, 2, 1] ----> [2, 0, 3, 1]
Case:  [2, 1, 2, 1] ----> [2, 0, 3, 1]
Case:  [0, 1, 1, 1] ----> [0, 2, 3, 1]Failed
Case:  [3, 1, 0, 3] ----> [3, 1, 0, 2]Failed
Case:  [3, 1, 1, 3] ----> [2, 0, 1, 3]Failed
Case:  [0, 1, 3, 2] ----> [0, 1, 3, 2]Failed
Case:  [1, 3, 1, 2] ----> [1, 3, 0, 2]
Case:  [3, 3, 2, 0] ----> [1, 3, 2, 0]Failed
Case:  [3, 0, 0, 1] ----> [3, 0, 2, 1]Failed
Case:  [0, 2, 1, 1] ----> [0, 2, 3, 1]Failed
Case:  [2, 3, 0, 3] ----> [1, 3, 0, 2]
Case:  [2, 0, 2, 2] ----> [3, 0, 2, 1]Failed
Case:  [0, 0, 0, 0] ----> [2, 0, 3, 1]
Case:  [0, 1, 1, 2] ----> [0, 3, 1, 2]Failed
Case:  [1, 3, 0, 3] ----> [1, 3, 0, 2]
Case:  [1, 2, 2, 2] ----> [1, 3, 0, 2]
Case:  [0, 1, 2, 2] ----> [3, 1, 0, 2]Failed
Case:  [2, 0, 0, 0] ----> [2, 0, 3, 1]
Case:  [0, 3, 3, 1] ----> [0, 2, 3, 1]Failed
Case:  [0, 1, 1, 2] ----> [0, 3, 1, 2]Failed
Case:  [2, 1, 1, 0] ----> [2, 1, 3, 0]Failed
Case:  [0, 0, 3, 2] ----> [2, 0, 3, 1]
Case:  [1, 0, 3, 1] ----> [2, 0, 3, 1]
Case:  [1, 0, 0, 0] ----> [1, 3, 0, 2]
Case:  [0, 0, 2, 0] ----> [2, 0, 3, 1]
Case:  [3, 2, 0, 1] ----> [3, 2, 0, 1]Failed
Case:  [2, 0, 3, 2] ----> [2, 0, 3, 1]
Case:  [3, 3, 1, 1] ----> [0, 3, 1, 2]Failed
Case:  [1, 2, 0, 1] ----> [1, 2, 0, 3]Failed
Case:  [2, 3, 1, 0] ----> [2, 3, 1, 0]Failed
Case:  [1, 1, 2, 2] ----> [1, 3, 2, 0]Failed
Case:  [1, 3, 3, 3] ----> [1, 3, 0, 2]
Case:  [0, 1, 1, 3] ----> [0, 3, 1, 2]Failed
Case:  [0, 2, 3, 1] ----> [0, 2, 3, 1]Failed
Case:  [0, 3, 2, 3] ----> [0, 3, 1, 2]Failed
Case:  [1, 0, 1, 1] ----> [2, 0, 3, 1]
Case:  [3, 3, 3, 2] ----> [1, 3, 0, 2]
Case:  [2, 0, 2, 2] ----> [2, 0, 3, 1]
Case:  [0, 2, 0, 1] ----> [0, 2, 3, 1]Failed
Case:  [3, 3, 2, 1] ----> [3, 0, 2, 1]Failed
Case:  [0, 1, 2, 0] ----> [1, 3, 2, 0]Failed
Case:  [3, 1, 2, 2] ----> [3, 1, 0, 2]Failed
Case:  [3, 3, 3, 3] ----> [1, 3, 0, 2]
Case:  [0, 3, 0, 1] ----> [1, 3, 0, 2]
Case:  [2, 1, 1, 0] ----> [2, 1, 3, 0]Failed
Case:  [2, 0, 1, 1] ----> [2, 0, 3, 1]
Case:  [0, 2, 1, 3] ----> [0, 2, 1, 3]Failed
Case:  [3, 3, 0, 1] ----> [1, 3, 0, 2]
Case:  [0, 1, 0, 0] ----> [2, 1, 3, 0]Failed
Case:  [1, 3, 1, 0] ----> [1, 3, 0, 2]
Case:  [2, 0, 0, 3] ----> [2, 0, 1, 3]Failed
Case:  [2, 2, 0, 1] ----> [0, 2, 3, 1]Failed
Case:  [1, 0, 1, 2] ----> [1, 3, 0, 2]
Case:  [0, 1, 1, 1] ----> [2, 0, 3, 1]
Case:  [1, 1, 1, 0] ----> [1, 3, 2, 0]Failed
Case:  [0, 0, 0, 1] ----> [2, 0, 3, 1]
Case:  [3, 2, 2, 2] ----> [1, 3, 0, 2]
Case:  [1, 0, 3, 2] ----> [2, 0, 3, 1]
Case:  [1, 1, 1, 0] ----> [2, 1, 3, 0]Failed
Case:  [0, 1, 1, 1] ----> [0, 2, 3, 1]Failed
Case:  [1, 0, 0, 1] ----> [2, 0, 3, 1]
Case:  [0, 0, 2, 1] ----> [3, 0, 2, 1]Failed
Case:  [0, 3, 1, 3] ----> [0, 3, 1, 2]Failed
Case:  [2, 2, 0, 3] ----> [1, 2, 0, 3]Failed
Case:  [1, 1, 3, 1] ----> [2, 0, 3, 1]
Case:  [2, 3, 2, 2] ----> [1, 3, 0, 2]
Case:  [0, 1, 1, 3] ----> [0, 3, 1, 2]Failed
Case:  [1, 1, 1, 0] ----> [1, 3, 0, 2]
Case:  [0, 1, 2, 3] ----> [0, 2, 1, 3]Failed
Case:  [0, 1, 1, 1] ----> [2, 0, 3, 1]
Case:  [0, 1, 2, 2] ----> [0, 1, 3, 2]Failed
Case:  [1, 0, 3, 3] ----> [2, 0, 3, 1]
Case:  [3, 0, 2, 0] ----> [3, 0, 2, 1]Failed
Case:  [3, 2, 2, 3] ----> [1, 2, 0, 3]Failed
Case:  [0, 3, 1, 0] ----> [0, 3, 1, 2]Failed
Case:  [0, 2, 2, 2] ----> [1, 3, 0, 2]
Case:  [1, 2, 0, 2] ----> [1, 3, 0, 2]
Case:  [1, 0, 1, 0] ----> [1, 3, 2, 0]Failed
Case:  [1, 3, 1, 2] ----> [1, 3, 0, 2]
Case:  [0, 1, 2, 1] ----> [0, 2, 3, 1]Failed
Case:  [1, 1, 1, 2] ----> [1, 3, 0, 2]
Case:  [0, 3, 3, 0] ----> [0, 3, 3, 0]Failed
Case:  [3, 3, 3, 3] ----> [2, 0, 3, 1]
Case:  [1, 0, 3, 2] ----> [2, 0, 3, 1]
Case:  [1, 2, 2, 1] ----> [1, 2, 0, 3]Failed
Case:  [3, 0, 2, 1] ----> [3, 0, 2, 1]Failed
Case:  [1, 0, 0, 2] ----> [1, 3, 0, 2]
Case:  [3, 3, 0, 1] ----> [1, 3, 0, 2]
Case:  [0, 1, 0, 3] ----> [1, 2, 0, 3]Failed
Case:  [1, 0, 3, 2] ----> [2, 0, 3, 1]
Case:  [1, 0, 1, 1] ----> [2, 0, 3, 1]
Case:  [1, 3, 3, 3] ----> [1, 3, 0, 2]
Case:  [0, 3, 3, 0] ----> [0, 3, 3, 0]Failed
Case:  [0, 1, 3, 0] ----> [2, 1, 3, 0]Failed
Case:  [0, 2, 1, 1] ----> [0, 2, 3, 1]Failed
Case:  [3, 0, 0, 2] ----> [3, 1, 0, 2]Failed
Case:  [1, 0, 2, 0] ----> [1, 3, 2, 0]Failed
Case:  [1, 0, 3, 0] ----> [2, 0, 3, 1]
Case:  [0, 0, 3, 1] ----> [2, 0, 3, 1]
Case:  [3, 1, 1, 2] ----> [3, 1, 0, 2]Failed
Case:  [3, 3, 1, 0] ----> [1, 3, 2, 0]Failed
Case:  [2, 0, 1, 1] ----> [2, 0, 3, 1]
Case:  [0, 0, 0, 2] ----> [1, 3, 0, 2]
Case:  [2, 0, 2, 0] ----> [2, 0, 3, 1]
Case:  [3, 0, 3, 3] ----> [2, 0, 3, 1]
Case:  [0, 3, 3, 3] ----> [0, 3, 3, 0]Failed
Case:  [0, 1, 2, 3] ----> [0, 2, 3, 1]Failed
Case:  [2, 0, 1, 3] ----> [2, 0, 1, 3]Failed
Case:  [2, 0, 3, 3] ----> [2, 0, 3, 1]
Case:  [3, 3, 3, 2] ----> [1, 3, 0, 2]
Case:  [0, 3, 2, 2] ----> [1, 3, 0, 2]
Case:  [3, 0, 2, 2] ----> [3, 0, 2, 1]Failed
Case:  [1, 1, 2, 2] ----> [1, 3, 0, 2]
Case:  [0, 1, 3, 2] ----> [0, 1, 3, 2]Failed
Case:  [1, 1, 1, 1] ----> [1, 3, 2, 0]Failed
Case:  [3, 1, 1, 0] ----> [3, 1, 2, 0]Failed
Case:  [1, 0, 3, 1] ----> [2, 0, 3, 1]
Case:  [3, 1, 3, 2] ----> [3, 1, 0, 2]Failed
Case:  [2, 0, 0, 1] ----> [2, 0, 3, 1]
Case:  [0, 0, 3, 2] ----> [2, 0, 3, 1]
Case:  [3, 3, 1, 3] ----> [1, 3, 0, 2]
Case:  [1, 2, 0, 2] ----> [1, 3, 0, 2]
Case:  [3, 0, 0, 0] ----> [1, 3, 0, 2]
Case:  [3, 1, 0, 0] ----> [3, 1, 0, 2]Failed
Case:  [2, 0, 0, 2] ----> [1, 3, 0, 2]
Case:  [3, 0, 0, 1] ----> [3, 0, 2, 1]Failed
Case:  [0, 2, 0, 1] ----> [0, 2, 3, 1]Failed
Case:  [3, 2, 1, 2] ----> [1, 3, 0, 2]
Case:  [0, 3, 1, 0] ----> [0, 3, 1, 2]Failed
Case:  [1, 0, 0, 2] ----> [1, 3, 0, 2]
Case:  [2, 0, 3, 1] ----> [2, 0, 3, 1]
Case:  [0, 2, 3, 2] ----> [0, 2, 3, 1]Failed
Case:  [2, 3, 3, 1] ----> [2, 0, 3, 1]
Case:  [0, 1, 0, 0] ----> [2, 1, 3, 0]Failed
Case:  [2, 2, 0, 1] ----> [1, 2, 0, 3]Failed
Case:  [2, 1, 2, 3] ----> [2, 0, 3, 1]
Case:  [1, 2, 2, 0] ----> [1, 3, 2, 0]Failed
Case:  [3, 1, 1, 0] ----> [2, 1, 3, 0]Failed
Case:  [3, 0, 3, 2] ----> [2, 0, 3, 1]
Case:  [2, 1, 0, 1] ----> [2, 0, 3, 1]
Case:  [3, 3, 1, 0] ----> [1, 3, 2, 0]Failed
Case:  [0, 2, 0, 2] ----> [1, 3, 0, 2]
Case:  [1, 1, 2, 3] ----> [1, 3, 2, 0]Failed
Case:  [2, 2, 2, 2] ----> [2, 0, 1, 3]Failed
Case:  [2, 0, 2, 2] ----> [2, 0, 3, 1]
Case:  [3, 2, 3, 0] ----> [2, 1, 3, 0]Failed
Case:  [3, 1, 1, 3] ----> [2, 0, 1, 3]Failed
Case:  [0, 2, 3, 2] ----> [0, 2, 3, 1]Failed
Case:  [1, 2, 1, 3] ----> [1, 2, 0, 3]Failed
Case:  [2, 3, 2, 0] ----> [1, 3, 2, 0]Failed
Case:  [3, 1, 0, 2] ----> [3, 1, 0, 2]Failed
Case:  [2, 0, 1, 1] ----> [2, 0, 3, 1]
Case:  [1, 1, 3, 1] ----> [2, 0, 3, 1]
Case:  [0, 3, 2, 1] ----> [0, 3, 1, 2]Failed
Case:  [2, 3, 0, 3] ----> [1, 3, 0, 2]
Case:  [1, 3, 1, 1] ----> [1, 3, 0, 2]
Case:  [2, 0, 1, 0] ----> [2, 0, 3, 1]
Case:  [2, 2, 2, 1] ----> [2, 0, 3, 1]
Case:  [2, 3, 3, 1] ----> [2, 0, 3, 1]
Case:  [3, 2, 2, 3] ----> [3, 0, 2, 1]Failed
Case:  [1, 2, 1, 1] ----> [0, 2, 3, 1]Failed
Case:  [3, 2, 0, 3] ----> [1, 2, 0, 3]Failed
Case:  [3, 1, 0, 1] ----> [3, 1, 0, 2]Failed
Case:  [2, 3, 0, 1] ----> [1, 3, 0, 2]
Case:  [0, 0, 3, 0] ----> [2, 0, 3, 1]
Case:  [3, 1, 1, 3] ----> [2, 0, 1, 3]Failed
Case:  [2, 1, 2, 3] ----> [2, 0, 3, 1]
Case:  [1, 0, 3, 0] ----> [2, 0, 3, 1]
Case:  [1, 3, 2, 1] ----> [1, 3, 2, 0]Failed
Case:  [3, 2, 1, 1] ----> [3, 2, 0, 1]Failed
Case:  [0, 1, 1, 1] ----> [2, 0, 3, 1]
Case:  [0, 3, 2, 0] ----> [1, 3, 2, 0]Failed
Case:  [2, 3, 3, 1] ----> [2, 0, 3, 1]
Case:  [0, 0, 3, 3] ----> [2, 0, 3, 1]
Case:  [1, 0, 0, 0] ----> [1, 3, 0, 2]
Case:  [2, 3, 2, 2] ----> [1, 3, 0, 2]
Case:  [1, 3, 0, 0] ----> [1, 3, 0, 2]
Case:  [3, 1, 1, 2] ----> [3, 1, 0, 2]Failed
Case:  [3, 3, 2, 1] ----> [3, 0, 2, 1]Failed
Case:  [0, 1, 1, 0] ----> [2, 1, 3, 0]Failed
Case:  [3, 2, 2, 0] ----> [3, 1, 2, 0]Failed
Case:  [3, 0, 3, 3] ----> [2, 0, 3, 1]
Case:  [0, 1, 0, 1] ----> [2, 0, 3, 1]
Case:  [1, 2, 0, 0] ----> [1, 3, 0, 2]
Case:  [0, 3, 3, 3] ----> [0, 3, 1, 2]Failed
Case:  [3, 3, 2, 0] ----> [1, 3, 2, 0]Failed
Case:  [0, 0, 3, 2] ----> [2, 0, 3, 1]
Case:  [1, 2, 3, 1] ----> [0, 2, 3, 1]Failed
Case:  [2, 0, 3, 1] ----> [2, 0, 3, 1]
Case:  [1, 2, 1, 2] ----> [1, 3, 0, 2]
Case:  [3, 0, 3, 3] ----> [2, 0, 3, 1]
Case:  [2, 1, 2, 1] ----> [2, 0, 3, 1]
Case:  [2, 3, 3, 2] ----> [0, 3, 1, 2]Failed
Case:  [0, 3, 3, 3] ----> [0, 3, 3, 0]Failed
Case:  [3, 3, 2, 0] ----> [1, 3, 2, 0]Failed
Case:  [2, 0, 2, 2] ----> [3, 0, 2, 1]Failed
Case:  [0, 1, 0, 2] ----> [1, 3, 0, 2]
Case:  [2, 1, 1, 3] ----> [2, 0, 1, 3]Failed
Case:  [2, 2, 0, 0] ----> [1, 2, 0, 3]Failed
Case:  [1, 0, 1, 2] ----> [1, 3, 0, 2]
Case:  [0, 1, 1, 3] ----> [0, 2, 1, 3]Failed
Case:  [2, 2, 1, 0] ----> [2, 0, 1, 3]Failed
Case:  [3, 2, 0, 2] ----> [1, 3, 0, 2]
Case:  [2, 0, 1, 0] ----> [2, 0, 1, 3]Failed
Case:  [2, 1, 3, 1] ----> [2, 0, 3, 1]
Case:  [2, 2, 0, 2] ----> [1, 3, 0, 2]
Case:  [2, 3, 3, 1] ----> [2, 0, 3, 1]
Case:  [0, 0, 0, 1] ----> [2, 0, 3, 1]
Case:  [1, 1, 0, 3] ----> [1, 3, 0, 2]
Case:  [1, 2, 3, 3] ----> [1, 2, 0, 3]Failed
Case:  [0, 1, 2, 2] ----> [0, 1, 3, 2]Failed
Case:  [2, 3, 2, 0] ----> [1, 3, 2, 0]Failed
Case:  [0, 2, 3, 2] ----> [0, 2, 3, 1]Failed
Case:  [2, 1, 1, 0] ----> [2, 1, 3, 0]Failed
Case:  [2, 2, 0, 1] ----> [1, 2, 0, 3]Failed
Case:  [3, 0, 3, 3] ----> [2, 0, 3, 1]
Case:  [0, 0, 0, 0] ----> [2, 0, 3, 1]
Case:  [2, 0, 1, 3] ----> [2, 0, 1, 3]Failed
Case:  [2, 3, 0, 2] ----> [1, 3, 0, 2]
Total case number: 1000, Success case number: 417
Success rate: 0.417
