Hill Climbing result:

Case:  [2, 5, 2, 1, 1, 1] ----> [3, 5, 2, 4, 1, 4]Failed
Case:  [5, 3, 1, 5, 3, 4] ----> [0, 3, 1, 5, 2, 4]Failed
Case:  [5, 5, 3, 3, 1, 5] ----> [2, 5, 3, 1, 0, 4]Failed
Case:  [3, 4, 0, 0, 4, 4] ----> [1, 5, 0, 0, 4, 4]Failed
Case:  [4, 2, 1, 0, 4, 1] ----> [4, 2, 5, 0, 4, 1]Failed
Case:  [2, 1, 2, 1, 4, 1] ----> [2, 0, 5, 1, 4, 1]Failed
Case:  [5, 0, 3, 0, 2, 3] ----> [5, 1, 3, 0, 2, 4]Failed
Case:  [5, 4, 2, 3, 1, 4] ----> [5, 0, 2, 3, 1, 4]Failed
Case:  [0, 4, 2, 5, 3, 4] ----> [0, 4, 2, 5, 3, 1]Failed
Case:  [1, 2, 1, 5, 2, 4] ----> [0, 2, 5, 5, 1, 4]Failed
Case:  [2, 5, 1, 4, 4, 1] ----> [2, 5, 1, 4, 4, 0]Failed
Case:  [2, 4, 4, 1, 3, 4] ----> [2, 4, 4, 1, 3, 5]Failed
Case:  [1, 2, 0, 1, 3, 4] ----> [1, 2, 0, 5, 3, 4]Failed
Case:  [1, 2, 1, 5, 2, 4] ----> [1, 3, 1, 5, 2, 0]Failed
Case:  [4, 2, 2, 0, 1, 1] ----> [5, 4, 2, 0, 3, 1]Failed
Case:  [0, 4, 5, 0, 3, 4] ----> [1, 3, 5, 0, 2, 4]
Case:  [3, 3, 5, 0, 1, 2] ----> [2, 3, 5, 0, 1, 4]Failed
Case:  [0, 2, 3, 4, 0, 5] ----> [0, 2, 3, 5, 0, 4]Failed
Case:  [2, 1, 3, 1, 2, 4] ----> [4, 1, 3, 0, 2, 4]Failed
Case:  [0, 3, 3, 3, 4, 3] ----> [0, 3, 5, 2, 4, 1]Failed
Case:  [0, 3, 3, 0, 3, 2] ----> [0, 5, 3, 1, 4, 2]Failed
Case:  [3, 0, 2, 4, 3, 5] ----> [3, 0, 2, 4, 1, 5]Failed
Case:  [4, 4, 3, 0, 2, 2] ----> [4, 1, 3, 0, 2, 5]Failed
Case:  [3, 3, 1, 5, 5, 5] ----> [0, 3, 1, 4, 2, 5]Failed
Case:  [2, 0, 5, 4, 4, 4] ----> [2, 0, 5, 1, 4, 1]Failed
Case:  [3, 2, 5, 3, 1, 4] ----> [2, 2, 5, 3, 1, 4]Failed
Case:  [4, 4, 5, 2, 5, 2] ----> [4, 4, 0, 3, 5, 2]Failed
Case:  [3, 2, 0, 2, 0, 3] ----> [1, 5, 4, 2, 0, 3]Failed
Case:  [0, 3, 3, 1, 3, 0] ----> [2, 5, 3, 1, 4, 0]Failed
Case:  [1, 3, 2, 5, 2, 4] ----> [1, 4, 2, 5, 2, 4]Failed
Case:  [1, 5, 4, 5, 0, 2] ----> [3, 1, 4, 5, 0, 2]Failed
Case:  [1, 4, 4, 4, 1, 3] ----> [0, 2, 4, 4, 1, 3]Failed
Case:  [1, 2, 3, 2, 2, 4] ----> [0, 1, 3, 5, 2, 4]Failed
Case:  [1, 4, 0, 2, 5, 1] ----> [3, 3, 0, 2, 5, 1]Failed
Case:  [5, 4, 0, 4, 1, 4] ----> [5, 3, 0, 4, 1, 4]Failed
Case:  [5, 4, 1, 1, 3, 2] ----> [5, 4, 0, 1, 3, 2]Failed
Case:  [4, 5, 4, 0, 5, 3] ----> [4, 1, 4, 0, 5, 3]Failed
Case:  [4, 4, 0, 4, 0, 5] ----> [3, 5, 0, 4, 1, 5]Failed
Case:  [2, 5, 4, 4, 2, 4] ----> [2, 5, 1, 4, 0, 3]
Case:  [3, 3, 3, 5, 5, 2] ----> [3, 0, 4, 1, 5, 2]
Case:  [4, 4, 4, 4, 1, 5] ----> [3, 0, 4, 4, 1, 5]Failed
Case:  [2, 5, 1, 2, 1, 4] ----> [2, 5, 1, 4, 0, 3]
Case:  [1, 0, 2, 4, 5, 3] ----> [2, 0, 2, 4, 1, 3]Failed
Case:  [4, 0, 5, 3, 1, 0] ----> [4, 0, 5, 3, 1, 3]Failed
Case:  [2, 3, 1, 2, 0, 1] ----> [1, 3, 5, 2, 4, 1]Failed
Case:  [5, 1, 4, 5, 4, 4] ----> [5, 1, 4, 0, 0, 3]Failed
Case:  [3, 4, 5, 3, 2, 3] ----> [1, 4, 5, 0, 2, 3]Failed
Case:  [0, 3, 3, 4, 5, 4] ----> [1, 3, 5, 0, 2, 4]
Case:  [0, 2, 5, 4, 4, 3] ----> [0, 2, 5, 4, 1, 3]Failed
Case:  [2, 2, 0, 0, 4, 1] ----> [5, 3, 0, 0, 4, 1]Failed
Case:  [5, 0, 0, 4, 2, 5] ----> [5, 3, 1, 4, 2, 5]Failed
Case:  [3, 3, 5, 2, 4, 5] ----> [0, 3, 5, 2, 4, 1]Failed
Case:  [5, 1, 3, 5, 1, 3] ----> [3, 1, 3, 5, 0, 2]Failed
Case:  [0, 0, 5, 3, 5, 1] ----> [4, 0, 5, 3, 5, 1]Failed
Case:  [1, 5, 0, 1, 3, 2] ----> [3, 5, 0, 1, 4, 2]Failed
Case:  [3, 4, 5, 4, 5, 4] ----> [3, 0, 2, 4, 5, 1]Failed
Case:  [1, 2, 5, 0, 4, 3] ----> [1, 3, 5, 0, 2, 4]
Case:  [2, 0, 3, 4, 1, 0] ----> [2, 0, 3, 4, 1, 5]Failed
Case:  [0, 3, 4, 4, 2, 3] ----> [0, 3, 1, 4, 2, 0]Failed
Case:  [4, 0, 1, 5, 5, 4] ----> [4, 0, 1, 3, 5, 2]Failed
Case:  [5, 1, 2, 3, 5, 5] ----> [5, 1, 2, 0, 3, 4]Failed
Case:  [1, 3, 1, 2, 4, 4] ----> [1, 3, 0, 2, 4, 1]Failed
Case:  [2, 1, 3, 5, 5, 4] ----> [3, 1, 3, 5, 0, 4]Failed
Case:  [3, 5, 4, 2, 1, 1] ----> [3, 5, 0, 2, 4, 1]Failed
Case:  [2, 3, 0, 0, 4, 5] ----> [1, 3, 0, 2, 4, 5]Failed
Case:  [3, 5, 3, 4, 4, 3] ----> [2, 5, 1, 4, 0, 3]
Case:  [2, 5, 4, 2, 5, 3] ----> [0, 1, 4, 2, 5, 3]Failed
Case:  [5, 0, 4, 1, 3, 1] ----> [5, 2, 4, 1, 3, 0]Failed
Case:  [2, 4, 2, 1, 3, 2] ----> [2, 4, 2, 0, 3, 1]Failed
Case:  [3, 2, 2, 3, 0, 0] ----> [4, 2, 5, 3, 1, 0]Failed
Case:  [1, 1, 2, 3, 5, 1] ----> [2, 4, 2, 0, 5, 1]Failed
Case:  [4, 2, 2, 5, 5, 1] ----> [4, 2, 0, 5, 3, 1]
Case:  [3, 0, 5, 2, 2, 2] ----> [3, 0, 5, 2, 4, 1]Failed
Case:  [3, 3, 0, 1, 2, 0] ----> [3, 3, 0, 4, 1, 5]Failed
Case:  [0, 0, 0, 1, 0, 1] ----> [3, 3, 0, 2, 5, 1]Failed
Case:  [2, 0, 5, 1, 3, 5] ----> [2, 0, 3, 1, 4, 5]Failed
Case:  [1, 0, 4, 4, 5, 5] ----> [3, 0, 4, 1, 5, 2]
Case:  [1, 3, 0, 1, 4, 0] ----> [1, 3, 0, 2, 4, 2]Failed
Case:  [0, 4, 5, 0, 4, 0] ----> [2, 3, 5, 0, 4, 1]Failed
Case:  [4, 5, 4, 2, 3, 4] ----> [1, 5, 4, 1, 3, 0]Failed
Case:  [4, 5, 1, 2, 4, 4] ----> [1, 5, 0, 2, 4, 2]Failed
Case:  [3, 2, 0, 3, 4, 5] ----> [4, 2, 0, 3, 1, 5]Failed
Case:  [3, 3, 1, 0, 3, 1] ----> [5, 3, 5, 0, 4, 1]Failed
Case:  [3, 1, 4, 4, 4, 5] ----> [3, 1, 4, 2, 0, 5]Failed
Case:  [2, 3, 4, 5, 4, 0] ----> [2, 5, 1, 4, 4, 0]Failed
Case:  [2, 5, 1, 5, 0, 5] ----> [2, 5, 1, 4, 0, 3]
Case:  [5, 5, 5, 1, 0, 5] ----> [5, 2, 5, 3, 0, 4]Failed
Case:  [1, 1, 4, 1, 1, 0] ----> [1, 1, 4, 5, 3, 0]Failed
Case:  [2, 2, 2, 1, 0, 2] ----> [2, 5, 3, 1, 0, 4]Failed
Case:  [0, 1, 0, 1, 0, 1] ----> [4, 2, 0, 5, 3, 1]
Case:  [1, 2, 3, 2, 5, 3] ----> [1, 5, 4, 2, 0, 3]Failed
Case:  [0, 4, 4, 3, 3, 4] ----> [0, 4, 4, 1, 5, 2]Failed
Case:  [3, 1, 2, 4, 4, 0] ----> [3, 1, 2, 4, 2, 0]Failed
Case:  [0, 4, 1, 4, 4, 3] ----> [0, 4, 1, 4, 5, 3]Failed
Case:  [0, 2, 5, 4, 4, 5] ----> [0, 2, 5, 4, 1, 3]Failed
Case:  [2, 3, 3, 1, 4, 5] ----> [2, 0, 3, 1, 4, 5]Failed
Case:  [5, 3, 0, 2, 0, 5] ----> [1, 3, 0, 2, 4, 5]Failed
Case:  [5, 2, 5, 0, 5, 4] ----> [5, 1, 5, 0, 2, 4]Failed
Case:  [3, 4, 4, 5, 0, 2] ----> [3, 1, 4, 5, 0, 2]Failed
Case:  [1, 5, 1, 2, 5, 1] ----> [1, 3, 0, 2, 4, 1]Failed
Case:  [3, 4, 0, 1, 5, 0] ----> [3, 4, 0, 1, 5, 2]Failed
Case:  [2, 0, 1, 5, 3, 1] ----> [3, 0, 2, 5, 5, 1]Failed
Case:  [2, 1, 1, 0, 4, 0] ----> [2, 5, 1, 1, 4, 0]Failed
Case:  [4, 0, 2, 5, 4, 3] ----> [4, 0, 2, 5, 1, 3]Failed
Case:  [4, 0, 0, 1, 5, 4] ----> [4, 0, 0, 3, 5, 2]Failed
Case:  [2, 3, 5, 3, 0, 0] ----> [2, 2, 5, 3, 0, 4]Failed
Case:  [5, 0, 5, 1, 1, 1] ----> [2, 0, 5, 1, 4, 1]Failed
Case:  [0, 0, 1, 0, 5, 2] ----> [0, 4, 1, 5, 5, 2]Failed
Case:  [5, 5, 2, 4, 5, 1] ----> [3, 0, 2, 4, 5, 1]Failed
Case:  [3, 1, 1, 1, 5, 4] ----> [3, 0, 4, 1, 5, 2]
Case:  [2, 4, 1, 1, 3, 0] ----> [2, 5, 1, 1, 4, 0]Failed
Case:  [3, 2, 5, 5, 1, 2] ----> [3, 2, 0, 5, 1, 4]Failed
Case:  [0, 4, 4, 0, 2, 2] ----> [0, 4, 4, 1, 5, 2]Failed
Case:  [3, 3, 2, 2, 3, 3] ----> [3, 3, 0, 2, 5, 1]Failed
Case:  [2, 2, 3, 1, 5, 5] ----> [2, 0, 3, 1, 4, 5]Failed
Case:  [0, 3, 0, 1, 1, 5] ----> [3, 3, 0, 4, 1, 5]Failed
Case:  [0, 0, 1, 2, 0, 1] ----> [0, 4, 1, 2, 5, 3]Failed
Case:  [0, 0, 5, 5, 0, 1] ----> [0, 2, 5, 5, 1, 4]Failed
Case:  [1, 2, 5, 4, 5, 3] ----> [1, 5, 5, 2, 0, 3]Failed
Case:  [0, 0, 3, 2, 2, 1] ----> [4, 0, 3, 5, 2, 1]Failed
Case:  [3, 2, 4, 2, 2, 3] ----> [3, 1, 4, 2, 0, 3]Failed
Case:  [5, 4, 0, 1, 1, 4] ----> [5, 2, 0, 3, 1, 4]Failed
Case:  [5, 0, 4, 0, 3, 4] ----> [5, 1, 4, 0, 3, 3]Failed
Case:  [4, 2, 0, 0, 2, 3] ----> [4, 1, 5, 0, 2, 3]Failed
Case:  [2, 1, 2, 5, 2, 5] ----> [3, 1, 2, 5, 2, 0]Failed
Case:  [0, 3, 0, 5, 2, 4] ----> [1, 3, 5, 0, 2, 4]
Case:  [2, 5, 4, 3, 3, 3] ----> [1, 5, 2, 0, 3, 3]Failed
Case:  [4, 4, 5, 3, 1, 0] ----> [4, 2, 5, 3, 1, 0]Failed
Case:  [0, 0, 4, 0, 5, 4] ----> [4, 1, 4, 0, 5, 3]Failed
Case:  [3, 0, 4, 4, 3, 1] ----> [3, 0, 2, 4, 1, 1]Failed
Case:  [3, 2, 0, 1, 3, 5] ----> [0, 2, 4, 1, 3, 5]Failed
Case:  [2, 0, 2, 2, 1, 4] ----> [3, 0, 2, 5, 1, 4]Failed
Case:  [5, 2, 5, 4, 0, 4] ----> [5, 2, 5, 3, 0, 4]Failed
Case:  [0, 1, 3, 0, 1, 1] ----> [4, 1, 3, 0, 3, 1]Failed
Case:  [0, 0, 4, 0, 1, 1] ----> [0, 0, 4, 4, 1, 3]Failed
Case:  [3, 0, 0, 1, 5, 5] ----> [3, 0, 4, 1, 5, 2]
Case:  [4, 5, 2, 0, 3, 4] ----> [1, 5, 2, 0, 3, 4]Failed
Case:  [4, 5, 2, 2, 0, 5] ----> [3, 5, 0, 2, 0, 5]Failed
Case:  [5, 4, 2, 4, 0, 2] ----> [2, 5, 1, 4, 0, 3]
Case:  [0, 4, 5, 4, 4, 1] ----> [0, 3, 5, 2, 4, 1]Failed
Case:  [5, 4, 3, 1, 1, 3] ----> [5, 0, 2, 4, 1, 3]Failed
Case:  [1, 3, 3, 4, 1, 5] ----> [3, 3, 0, 4, 1, 5]Failed
Case:  [0, 3, 3, 3, 4, 3] ----> [0, 5, 3, 1, 4, 2]Failed
Case:  [0, 5, 4, 1, 2, 0] ----> [0, 2, 4, 1, 3, 0]Failed
Case:  [5, 0, 2, 1, 5, 5] ----> [3, 0, 4, 1, 5, 2]
Case:  [2, 4, 5, 1, 4, 0] ----> [2, 0, 5, 1, 4, 0]Failed
Case:  [5, 1, 4, 5, 5, 5] ----> [5, 1, 4, 0, 5, 3]Failed
Case:  [1, 4, 0, 4, 5, 1] ----> [1, 4, 0, 3, 5, 2]Failed
Case:  [1, 0, 5, 1, 0, 5] ----> [2, 0, 3, 1, 4, 5]Failed
Case:  [2, 3, 5, 5, 2, 3] ----> [1, 3, 5, 0, 2, 4]
Case:  [4, 4, 4, 3, 4, 3] ----> [2, 4, 1, 3, 5, 3]Failed
Case:  [3, 4, 3, 5, 5, 4] ----> [3, 1, 3, 5, 0, 4]Failed
Case:  [4, 2, 1, 4, 4, 4] ----> [4, 2, 5, 3, 1, 0]Failed
Case:  [3, 0, 3, 2, 1, 0] ----> [3, 0, 2, 5, 1, 1]Failed
Case:  [3, 1, 1, 3, 4, 5] ----> [3, 0, 1, 4, 2, 5]Failed
Case:  [3, 0, 3, 1, 2, 3] ----> [3, 0, 3, 1, 2, 5]Failed
Case:  [4, 3, 5, 3, 5, 0] ----> [4, 1, 5, 3, 5, 0]Failed
Case:  [4, 0, 5, 3, 3, 4] ----> [4, 0, 5, 3, 1, 3]Failed
Case:  [1, 3, 1, 1, 0, 3] ----> [2, 5, 1, 4, 0, 3]
Case:  [1, 3, 3, 3, 5, 3] ----> [2, 4, 1, 3, 5, 0]Failed
Case:  [1, 0, 2, 3, 5, 1] ----> [3, 0, 2, 5, 5, 1]Failed
Case:  [1, 0, 5, 0, 5, 3] ----> [4, 1, 5, 0, 5, 3]Failed
Case:  [1, 4, 5, 0, 2, 0] ----> [1, 3, 5, 0, 2, 4]
Case:  [4, 1, 4, 3, 1, 1] ----> [4, 0, 5, 3, 1, 3]Failed
Case:  [2, 0, 4, 1, 5, 2] ----> [3, 0, 4, 1, 5, 2]
Case:  [1, 2, 4, 0, 1, 1] ----> [1, 4, 4, 0, 3, 5]Failed
Case:  [0, 1, 4, 5, 2, 1] ----> [0, 1, 3, 5, 2, 4]Failed
Case:  [0, 2, 3, 2, 3, 2] ----> [0, 5, 3, 1, 4, 2]Failed
Case:  [4, 5, 5, 4, 5, 1] ----> [4, 0, 5, 3, 5, 1]Failed
Case:  [3, 3, 1, 4, 0, 5] ----> [2, 5, 1, 4, 0, 3]
Case:  [0, 3, 3, 5, 1, 5] ----> [0, 2, 5, 5, 1, 4]Failed
Case:  [0, 1, 4, 0, 1, 2] ----> [5, 1, 4, 0, 5, 3]Failed
Case:  [1, 3, 2, 0, 5, 5] ----> [1, 3, 5, 0, 2, 4]
Case:  [3, 2, 3, 0, 1, 1] ----> [4, 2, 5, 0, 4, 1]Failed
Case:  [4, 1, 5, 1, 0, 4] ----> [2, 2, 5, 3, 0, 4]Failed
Case:  [0, 3, 1, 0, 1, 5] ----> [0, 3, 1, 4, 2, 5]Failed
Case:  [1, 1, 1, 1, 0, 3] ----> [1, 1, 4, 2, 0, 3]Failed
Case:  [5, 0, 0, 4, 4, 3] ----> [5, 3, 0, 4, 4, 1]Failed
Case:  [5, 4, 2, 1, 4, 1] ----> [5, 4, 2, 0, 3, 1]Failed
Case:  [5, 1, 5, 4, 5, 4] ----> [5, 1, 5, 0, 2, 4]Failed
Case:  [1, 5, 4, 1, 2, 2] ----> [3, 5, 4, 1, 0, 2]Failed
Case:  [5, 5, 5, 1, 2, 0] ----> [2, 5, 5, 1, 4, 0]Failed
Case:  [2, 1, 1, 4, 3, 3] ----> [2, 5, 1, 4, 0, 3]
Case:  [4, 0, 4, 0, 5, 5] ----> [4, 1, 4, 0, 5, 3]Failed
Case:  [2, 1, 5, 3, 3, 2] ----> [2, 2, 5, 3, 0, 4]Failed
Case:  [0, 1, 4, 5, 5, 5] ----> [3, 0, 4, 1, 5, 2]
Case:  [3, 2, 3, 5, 2, 5] ----> [4, 0, 3, 5, 2, 5]Failed
Case:  [1, 3, 4, 2, 4, 5] ----> [1, 3, 0, 2, 4, 5]Failed
Case:  [0, 0, 4, 5, 2, 4] ----> [0, 1, 3, 5, 2, 4]Failed
Case:  [5, 5, 2, 1, 0, 2] ----> [2, 5, 3, 1, 4, 2]Failed
Case:  [4, 2, 0, 2, 4, 2] ----> [4, 2, 0, 2, 4, 1]Failed
Case:  [2, 3, 4, 3, 2, 1] ----> [2, 3, 5, 0, 4, 1]Failed
Case:  [3, 3, 5, 0, 2, 5] ----> [1, 3, 5, 0, 2, 4]
Case:  [2, 5, 3, 1, 5, 3] ----> [2, 5, 3, 1, 4, 2]Failed
Case:  [5, 0, 4, 1, 0, 1] ----> [3, 0, 4, 1, 5, 2]
Case:  [0, 0, 3, 0, 2, 3] ----> [4, 0, 3, 0, 2, 5]Failed
Case:  [4, 1, 1, 0, 3, 5] ----> [4, 1, 3, 0, 2, 5]Failed
Case:  [2, 3, 2, 3, 0, 0] ----> [2, 5, 1, 4, 0, 3]
Case:  [0, 5, 4, 4, 2, 0] ----> [0, 3, 1, 4, 2, 0]Failed
Case:  [0, 5, 0, 4, 1, 3] ----> [0, 5, 2, 4, 1, 3]Failed
Case:  [5, 4, 3, 0, 1, 2] ----> [5, 3, 0, 0, 4, 1]Failed
Case:  [4, 2, 1, 1, 5, 0] ----> [4, 2, 1, 3, 5, 0]Failed
Case:  [1, 0, 5, 5, 2, 1] ----> [4, 0, 3, 5, 2, 1]Failed
Case:  [5, 3, 0, 5, 1, 1] ----> [5, 3, 0, 4, 4, 1]Failed
Case:  [0, 5, 1, 0, 4, 0] ----> [2, 5, 1, 1, 4, 0]Failed
Case:  [1, 3, 1, 4, 1, 0] ----> [5, 3, 1, 4, 2, 0]Failed
Case:  [0, 0, 0, 1, 4, 1] ----> [2, 0, 3, 1, 4, 1]Failed
Case:  [2, 2, 5, 5, 3, 2] ----> [4, 2, 0, 5, 3, 1]
Case:  [0, 5, 3, 0, 3, 4] ----> [0, 5, 3, 0, 2, 4]Failed
Case:  [5, 3, 3, 5, 0, 4] ----> [3, 1, 3, 5, 0, 4]Failed
Case:  [2, 5, 5, 0, 2, 2] ----> [4, 1, 5, 0, 2, 4]Failed
Case:  [0, 5, 5, 1, 5, 4] ----> [0, 2, 5, 1, 1, 4]Failed
Case:  [0, 5, 4, 3, 4, 5] ----> [0, 5, 3, 1, 4, 2]Failed
Case:  [1, 0, 5, 3, 1, 0] ----> [2, 0, 5, 3, 1, 3]Failed
Case:  [4, 5, 2, 2, 0, 0] ----> [3, 5, 2, 4, 1, 0]Failed
Case:  [4, 0, 4, 5, 0, 0] ----> [4, 1, 4, 5, 3, 0]Failed
Case:  [3, 4, 4, 5, 4, 4] ----> [3, 1, 3, 5, 0, 4]Failed
Case:  [1, 5, 1, 5, 4, 1] ----> [1, 5, 1, 5, 4, 0]Failed
Case:  [2, 0, 3, 2, 2, 1] ----> [2, 0, 3, 0, 4, 1]Failed
Case:  [1, 3, 4, 3, 3, 1] ----> [1, 4, 4, 0, 3, 5]Failed
Case:  [1, 4, 0, 0, 2, 2] ----> [1, 4, 0, 0, 3, 5]Failed
Case:  [2, 5, 1, 0, 5, 4] ----> [2, 4, 1, 0, 5, 3]Failed
Case:  [2, 0, 0, 0, 1, 4] ----> [2, 0, 5, 3, 1, 4]Failed
Case:  [3, 1, 0, 4, 1, 3] ----> [3, 5, 0, 4, 1, 4]Failed
Case:  [2, 4, 4, 0, 4, 0] ----> [2, 5, 5, 1, 4, 0]Failed
Case:  [4, 5, 3, 4, 1, 0] ----> [3, 5, 2, 4, 1, 0]Failed
Case:  [0, 3, 4, 4, 0, 1] ----> [0, 3, 1, 4, 2, 0]Failed
Case:  [5, 1, 4, 4, 3, 1] ----> [5, 1, 4, 0, 3, 3]Failed
Case:  [5, 0, 3, 0, 2, 2] ----> [4, 0, 3, 0, 2, 5]Failed
Case:  [5, 1, 0, 5, 0, 3] ----> [5, 2, 0, 3, 0, 4]Failed
Case:  [5, 1, 5, 5, 5, 0] ----> [4, 1, 5, 5, 2, 0]Failed
Case:  [0, 2, 3, 1, 1, 2] ----> [0, 2, 4, 1, 3, 5]Failed
Case:  [2, 1, 2, 5, 1, 1] ----> [3, 0, 2, 5, 1, 1]Failed
Case:  [4, 3, 4, 0, 4, 4] ----> [1, 3, 5, 0, 2, 4]
Case:  [1, 0, 5, 0, 2, 1] ----> [4, 0, 5, 0, 2, 1]Failed
Case:  [5, 3, 4, 3, 5, 1] ----> [5, 3, 2, 0, 5, 1]Failed
Case:  [0, 0, 2, 3, 3, 5] ----> [0, 4, 2, 5, 3, 1]Failed
Case:  [5, 4, 0, 1, 0, 3] ----> [1, 4, 0, 3, 0, 2]Failed
Case:  [3, 2, 2, 5, 3, 3] ----> [1, 5, 2, 5, 3, 0]Failed
Case:  [0, 0, 5, 1, 5, 2] ----> [3, 0, 4, 1, 5, 2]
Case:  [2, 0, 2, 3, 1, 0] ----> [2, 0, 5, 3, 1, 3]Failed
Case:  [2, 2, 5, 1, 0, 5] ----> [2, 2, 5, 3, 0, 4]Failed
Case:  [3, 4, 0, 0, 0, 0] ----> [1, 4, 0, 5, 0, 2]Failed
Case:  [4, 0, 0, 0, 1, 5] ----> [3, 0, 0, 4, 1, 5]Failed
Case:  [2, 5, 3, 5, 4, 2] ----> [2, 5, 3, 1, 4, 2]Failed
Case:  [5, 0, 5, 3, 4, 5] ----> [2, 0, 5, 1, 4, 1]Failed
Case:  [0, 0, 1, 3, 0, 0] ----> [2, 4, 1, 3, 0, 2]Failed
Case:  [1, 3, 1, 1, 2, 3] ----> [1, 3, 5, 0, 2, 4]
Case:  [3, 2, 5, 2, 5, 5] ----> [3, 1, 4, 2, 0, 5]Failed
Case:  [4, 1, 4, 2, 3, 0] ----> [4, 1, 4, 2, 5, 3]Failed
Case:  [5, 2, 2, 5, 2, 3] ----> [5, 0, 2, 4, 1, 3]Failed
Case:  [3, 1, 5, 4, 0, 4] ----> [3, 1, 5, 2, 0, 4]Failed
Case:  [0, 1, 4, 1, 4, 3] ----> [0, 1, 4, 2, 5, 3]Failed
Case:  [1, 2, 5, 2, 2, 4] ----> [1, 3, 5, 0, 2, 4]
Case:  [3, 4, 1, 1, 5, 5] ----> [2, 4, 1, 1, 5, 5]Failed
Case:  [5, 4, 0, 5, 1, 5] ----> [3, 2, 0, 5, 1, 4]Failed
Case:  [2, 1, 2, 1, 0, 1] ----> [2, 1, 5, 0, 0, 4]Failed
Case:  [4, 4, 0, 4, 4, 2] ----> [4, 4, 0, 3, 5, 2]Failed
Case:  [4, 0, 5, 3, 4, 2] ----> [4, 0, 5, 3, 1, 3]Failed
Case:  [2, 4, 5, 0, 1, 3] ----> [2, 5, 5, 0, 1, 3]Failed
Case:  [0, 5, 4, 5, 1, 2] ----> [0, 2, 0, 5, 1, 4]Failed
Case:  [4, 3, 5, 4, 5, 4] ----> [4, 3, 5, 0, 5, 1]Failed
Case:  [5, 4, 1, 3, 3, 0] ----> [2, 4, 1, 3, 5, 0]Failed
Case:  [3, 5, 1, 1, 4, 1] ----> [2, 5, 1, 1, 4, 0]Failed
Case:  [1, 1, 3, 5, 0, 0] ----> [3, 1, 3, 5, 0, 4]Failed
Case:  [0, 4, 4, 0, 2, 2] ----> [0, 4, 4, 1, 5, 2]Failed
Case:  [0, 3, 1, 4, 3, 2] ----> [0, 3, 1, 4, 5, 2]Failed
Case:  [1, 4, 2, 4, 0, 3] ----> [1, 4, 2, 5, 0, 3]Failed
Case:  [3, 3, 1, 4, 2, 0] ----> [0, 3, 1, 4, 2, 0]Failed
Case:  [3, 0, 2, 1, 2, 0] ----> [3, 0, 2, 4, 2, 0]Failed
Case:  [2, 5, 4, 5, 1, 1] ----> [4, 0, 5, 5, 1, 1]Failed
Case:  [3, 0, 5, 3, 2, 2] ----> [4, 0, 5, 3, 1, 3]Failed
Case:  [5, 4, 4, 5, 2, 4] ----> [0, 4, 1, 5, 2, 2]Failed
Case:  [2, 2, 2, 2, 0, 2] ----> [3, 1, 4, 2, 0, 2]Failed
Case:  [3, 0, 1, 1, 5, 5] ----> [3, 0, 4, 1, 5, 2]
Case:  [3, 4, 5, 4, 0, 4] ----> [3, 1, 3, 5, 0, 4]Failed
Case:  [3, 3, 5, 0, 3, 4] ----> [1, 3, 5, 0, 2, 4]
Case:  [5, 1, 4, 4, 5, 3] ----> [5, 1, 4, 0, 5, 3]Failed
Case:  [3, 5, 3, 2, 4, 3] ----> [3, 5, 0, 2, 4, 2]Failed
Case:  [0, 5, 5, 5, 2, 1] ----> [4, 0, 3, 5, 2, 1]Failed
Case:  [3, 0, 3, 0, 0, 0] ----> [4, 0, 3, 0, 2, 5]Failed
Case:  [2, 5, 2, 5, 1, 0] ----> [3, 5, 2, 5, 1, 4]Failed
Case:  [3, 1, 4, 3, 5, 3] ----> [3, 1, 4, 2, 5, 3]Failed
Case:  [3, 4, 5, 5, 3, 3] ----> [0, 4, 2, 5, 3, 1]Failed
Case:  [0, 3, 1, 5, 0, 1] ----> [0, 4, 1, 5, 0, 2]Failed
Case:  [0, 1, 2, 2, 5, 1] ----> [0, 3, 5, 2, 5, 1]Failed
Case:  [2, 2, 5, 2, 2, 1] ----> [4, 2, 5, 2, 4, 1]Failed
Case:  [1, 4, 4, 4, 2, 3] ----> [1, 4, 4, 0, 0, 3]Failed
Case:  [5, 1, 5, 4, 4, 0] ----> [5, 3, 1, 4, 2, 0]Failed
Case:  [5, 3, 5, 5, 1, 1] ----> [0, 2, 5, 5, 1, 4]Failed
Case:  [2, 3, 4, 2, 5, 0] ----> [1, 3, 4, 2, 5, 0]Failed
Case:  [5, 2, 2, 5, 2, 2] ----> [5, 2, 0, 3, 0, 4]Failed
Case:  [0, 3, 0, 0, 0, 4] ----> [1, 3, 5, 0, 2, 4]
Case:  [2, 5, 3, 3, 5, 3] ----> [2, 4, 1, 3, 5, 3]Failed
Case:  [2, 4, 0, 5, 1, 5] ----> [3, 0, 0, 4, 1, 5]Failed
Case:  [5, 5, 3, 1, 4, 0] ----> [2, 5, 3, 1, 4, 0]Failed
Case:  [4, 0, 4, 3, 3, 5] ----> [4, 2, 4, 0, 3, 5]Failed
Case:  [0, 3, 2, 3, 2, 3] ----> [0, 3, 1, 4, 2, 0]Failed
Case:  [5, 5, 0, 2, 4, 0] ----> [3, 5, 0, 2, 4, 2]Failed
Case:  [5, 2, 1, 2, 5, 3] ----> [5, 2, 1, 3, 0, 3]Failed
Case:  [2, 2, 4, 2, 1, 3] ----> [0, 2, 4, 2, 1, 3]Failed
Case:  [0, 5, 2, 4, 3, 3] ----> [0, 5, 2, 4, 1, 3]Failed
Case:  [4, 5, 0, 0, 0, 3] ----> [4, 1, 5, 0, 2, 3]Failed
Case:  [5, 0, 4, 3, 4, 4] ----> [5, 0, 4, 1, 4, 2]Failed
Case:  [4, 5, 5, 2, 0, 3] ----> [1, 5, 5, 2, 0, 3]Failed
Case:  [3, 0, 4, 0, 1, 3] ----> [3, 0, 2, 4, 1, 3]Failed
Case:  [3, 5, 2, 4, 4, 1] ----> [3, 0, 2, 4, 5, 1]Failed
Case:  [4, 4, 5, 2, 4, 2] ----> [4, 1, 5, 2, 0, 3]Failed
Case:  [2, 3, 1, 2, 2, 0] ----> [5, 3, 1, 4, 2, 0]Failed
Case:  [1, 5, 0, 0, 2, 2] ----> [1, 5, 0, 2, 4, 2]Failed
Case:  [1, 2, 2, 3, 4, 1] ----> [1, 2, 5, 3, 4, 0]Failed
Case:  [0, 5, 3, 4, 0, 1] ----> [2, 5, 3, 1, 0, 4]Failed
Case:  [5, 2, 0, 3, 0, 2] ----> [5, 2, 0, 3, 0, 4]Failed
Case:  [2, 2, 0, 0, 3, 2] ----> [4, 2, 0, 5, 3, 1]
Case:  [4, 2, 4, 0, 0, 0] ----> [4, 2, 0, 5, 3, 1]
Case:  [2, 4, 3, 1, 1, 1] ----> [2, 0, 3, 1, 4, 1]Failed
Case:  [5, 3, 0, 1, 4, 0] ----> [5, 3, 0, 1, 4, 2]Failed
Case:  [4, 3, 1, 2, 1, 3] ----> [4, 1, 5, 2, 0, 3]Failed
Case:  [1, 4, 4, 0, 2, 0] ----> [1, 4, 4, 0, 3, 5]Failed
Case:  [5, 4, 4, 2, 4, 2] ----> [5, 0, 4, 1, 4, 2]Failed
Case:  [0, 4, 3, 0, 0, 5] ----> [2, 4, 3, 0, 0, 5]Failed
Case:  [0, 0, 4, 0, 2, 3] ----> [0, 1, 4, 2, 5, 3]Failed
Case:  [1, 0, 3, 0, 1, 0] ----> [4, 0, 3, 0, 2, 5]Failed
Case:  [0, 4, 1, 1, 4, 5] ----> [0, 2, 4, 1, 3, 5]Failed
Case:  [1, 5, 4, 2, 3, 1] ----> [1, 5, 0, 2, 3, 5]Failed
Case:  [0, 4, 1, 5, 5, 4] ----> [0, 4, 1, 5, 5, 2]Failed
Case:  [0, 3, 2, 5, 2, 4] ----> [1, 3, 5, 0, 2, 4]
Case:  [4, 1, 1, 1, 1, 5] ----> [4, 0, 3, 5, 2, 5]Failed
Case:  [0, 1, 0, 2, 5, 4] ----> [0, 3, 0, 2, 5, 1]Failed
Case:  [2, 3, 0, 2, 0, 3] ----> [1, 5, 5, 2, 0, 3]Failed
Case:  [1, 3, 1, 3, 4, 0] ----> [1, 3, 5, 0, 4, 0]Failed
Case:  [2, 3, 1, 1, 0, 5] ----> [2, 5, 1, 4, 0, 3]
Case:  [3, 0, 5, 5, 5, 4] ----> [3, 0, 2, 5, 1, 4]Failed
Case:  [5, 0, 4, 5, 1, 5] ----> [3, 0, 4, 1, 1, 5]Failed
Case:  [5, 0, 0, 4, 0, 4] ----> [3, 5, 0, 4, 1, 4]Failed
Case:  [0, 0, 4, 2, 2, 5] ----> [3, 0, 4, 1, 5, 2]
Case:  [1, 2, 3, 2, 1, 4] ----> [0, 2, 5, 5, 1, 4]Failed
Case:  [1, 4, 0, 1, 3, 4] ----> [1, 4, 0, 5, 3, 5]Failed
Case:  [3, 0, 1, 4, 5, 2] ----> [3, 0, 2, 5, 5, 1]Failed
Case:  [1, 1, 4, 3, 1, 0] ----> [1, 1, 4, 5, 3, 0]Failed
Case:  [3, 1, 2, 2, 4, 4] ----> [3, 1, 2, 0, 5, 4]Failed
Case:  [4, 4, 2, 2, 1, 2] ----> [4, 0, 0, 5, 1, 2]Failed
Case:  [2, 0, 2, 4, 4, 2] ----> [2, 0, 5, 1, 4, 1]Failed
Case:  [4, 0, 1, 0, 4, 1] ----> [2, 0, 5, 0, 4, 1]Failed
Case:  [5, 4, 4, 3, 5, 2] ----> [3, 0, 4, 1, 5, 2]
Case:  [5, 0, 0, 4, 1, 2] ----> [3, 0, 0, 4, 1, 5]Failed
Case:  [1, 5, 0, 1, 1, 4] ----> [1, 5, 0, 3, 1, 4]Failed
Case:  [1, 3, 4, 5, 1, 1] ----> [1, 3, 0, 5, 1, 4]Failed
Case:  [4, 3, 1, 4, 1, 2] ----> [0, 3, 1, 4, 2, 5]Failed
Case:  [3, 0, 4, 5, 1, 3] ----> [3, 0, 4, 1, 1, 5]Failed
Case:  [0, 2, 4, 0, 5, 5] ----> [0, 2, 4, 1, 3, 5]Failed
Case:  [0, 1, 2, 5, 5, 5] ----> [3, 1, 3, 5, 0, 4]Failed
Case:  [5, 3, 5, 5, 3, 2] ----> [1, 4, 0, 5, 3, 2]Failed
Case:  [5, 1, 5, 1, 4, 3] ----> [2, 0, 5, 1, 4, 1]Failed
Case:  [5, 3, 3, 4, 2, 2] ----> [5, 3, 1, 4, 2, 5]Failed
Case:  [0, 3, 4, 5, 5, 5] ----> [0, 3, 4, 2, 5, 2]Failed
Case:  [1, 5, 2, 1, 3, 2] ----> [1, 5, 2, 0, 3, 0]Failed
Case:  [3, 4, 2, 5, 4, 5] ----> [1, 4, 2, 5, 3, 1]Failed
Case:  [2, 3, 5, 2, 3, 3] ----> [0, 3, 5, 2, 1, 3]Failed
Case:  [1, 2, 4, 1, 0, 0] ----> [5, 2, 4, 1, 3, 0]Failed
Case:  [1, 1, 2, 2, 4, 2] ----> [1, 5, 0, 2, 4, 2]Failed
Case:  [5, 2, 2, 1, 1, 3] ----> [5, 0, 2, 4, 1, 3]Failed
Case:  [0, 1, 4, 3, 4, 4] ----> [0, 1, 4, 2, 5, 3]Failed
Case:  [4, 4, 0, 5, 0, 4] ----> [1, 4, 0, 5, 0, 2]Failed
Case:  [4, 5, 1, 2, 1, 5] ----> [4, 3, 0, 2, 1, 5]Failed
Case:  [1, 5, 0, 0, 0, 5] ----> [1, 5, 0, 2, 0, 5]Failed
Case:  [4, 4, 5, 4, 1, 0] ----> [2, 3, 5, 4, 1, 0]Failed
Case:  [4, 1, 3, 2, 3, 3] ----> [4, 1, 5, 2, 5, 3]Failed
Case:  [1, 5, 0, 4, 0, 4] ----> [3, 5, 0, 4, 1, 4]Failed
Case:  [0, 1, 5, 1, 5, 5] ----> [4, 1, 5, 2, 5, 3]Failed
Case:  [2, 1, 2, 3, 1, 2] ----> [2, 0, 5, 3, 1, 3]Failed
Case:  [1, 1, 2, 3, 2, 5] ----> [1, 4, 2, 0, 3, 5]Failed
Case:  [5, 1, 5, 1, 2, 2] ----> [5, 1, 5, 0, 2, 4]Failed
Case:  [1, 2, 5, 5, 1, 0] ----> [4, 2, 5, 3, 1, 0]Failed
Case:  [4, 3, 5, 2, 1, 0] ----> [4, 2, 5, 3, 1, 0]Failed
Case:  [5, 0, 4, 1, 5, 2] ----> [3, 0, 4, 1, 5, 2]
Case:  [0, 3, 0, 4, 4, 4] ----> [0, 3, 0, 4, 1, 4]Failed
Case:  [3, 2, 2, 3, 5, 0] ----> [3, 0, 4, 1, 5, 2]
Case:  [3, 1, 1, 1, 4, 3] ----> [3, 5, 0, 1, 4, 2]Failed
Case:  [5, 3, 5, 5, 2, 4] ----> [1, 3, 5, 0, 2, 4]
Case:  [5, 3, 5, 2, 2, 2] ----> [1, 3, 5, 0, 2, 4]
Case:  [2, 1, 4, 0, 3, 5] ----> [1, 4, 4, 0, 3, 5]Failed
Case:  [1, 3, 5, 4, 5, 3] ----> [1, 3, 5, 0, 4, 1]Failed
Case:  [0, 5, 3, 5, 2, 1] ----> [0, 1, 3, 5, 2, 4]Failed
Case:  [0, 5, 1, 5, 0, 4] ----> [0, 5, 3, 5, 0, 4]Failed
Case:  [0, 1, 0, 1, 1, 4] ----> [3, 5, 0, 4, 1, 4]Failed
Case:  [1, 2, 1, 2, 5, 3] ----> [4, 1, 4, 2, 5, 3]Failed
Case:  [4, 1, 2, 0, 2, 2] ----> [4, 1, 3, 5, 2, 2]Failed
Case:  [3, 0, 3, 4, 5, 4] ----> [3, 0, 2, 4, 5, 1]Failed
Case:  [0, 4, 3, 5, 5, 3] ----> [0, 4, 1, 5, 5, 2]Failed
Case:  [4, 3, 5, 2, 2, 1] ----> [0, 3, 5, 2, 5, 1]Failed
Case:  [1, 2, 3, 0, 0, 2] ----> [1, 5, 3, 5, 0, 2]Failed
Case:  [4, 5, 0, 0, 2, 3] ----> [4, 1, 3, 0, 2, 4]Failed
Case:  [4, 4, 5, 4, 5, 4] ----> [4, 2, 5, 3, 1, 0]Failed
Case:  [0, 0, 1, 4, 2, 4] ----> [0, 3, 1, 4, 2, 0]Failed
Case:  [3, 5, 3, 3, 3, 1] ----> [2, 5, 3, 1, 0, 4]Failed
Case:  [1, 4, 4, 3, 0, 3] ----> [1, 4, 4, 0, 0, 3]Failed
Case:  [4, 4, 3, 4, 0, 0] ----> [4, 1, 3, 5, 2, 0]Failed
Case:  [4, 2, 0, 2, 0, 0] ----> [4, 2, 0, 5, 1, 5]Failed
Case:  [2, 0, 4, 5, 1, 4] ----> [2, 0, 3, 5, 1, 4]Failed
Case:  [5, 2, 2, 2, 0, 1] ----> [5, 0, 2, 4, 2, 1]Failed
Case:  [4, 3, 2, 1, 3, 1] ----> [5, 4, 2, 0, 3, 1]Failed
Case:  [0, 5, 4, 5, 0, 0] ----> [0, 2, 4, 1, 3, 0]Failed
Case:  [2, 1, 1, 2, 5, 4] ----> [4, 1, 4, 2, 5, 3]Failed
Case:  [2, 2, 5, 3, 2, 3] ----> [2, 2, 5, 3, 0, 4]Failed
Case:  [5, 0, 0, 4, 2, 5] ----> [3, 0, 0, 4, 1, 5]Failed
Case:  [3, 3, 3, 5, 3, 2] ----> [3, 1, 3, 5, 0, 2]Failed
Case:  [3, 1, 4, 3, 4, 3] ----> [3, 1, 4, 2, 5, 3]Failed
Case:  [0, 0, 0, 2, 1, 0] ----> [3, 5, 0, 4, 1, 4]Failed
Case:  [5, 3, 1, 4, 1, 1] ----> [5, 3, 0, 4, 4, 1]Failed
Case:  [0, 4, 5, 3, 0, 2] ----> [2, 4, 1, 3, 0, 2]Failed
Case:  [5, 0, 2, 1, 5, 2] ----> [3, 0, 4, 1, 5, 2]
Case:  [5, 4, 2, 1, 2, 4] ----> [1, 4, 2, 0, 2, 4]Failed
Case:  [1, 3, 3, 4, 2, 2] ----> [0, 3, 1, 4, 2, 0]Failed
Case:  [5, 5, 5, 4, 3, 1] ----> [5, 3, 0, 4, 4, 1]Failed
Case:  [0, 2, 2, 0, 2, 5] ----> [0, 2, 4, 1, 3, 5]Failed
Case:  [1, 4, 1, 2, 4, 5] ----> [1, 3, 0, 2, 4, 5]Failed
Case:  [3, 4, 0, 4, 4, 0] ----> [3, 5, 0, 4, 4, 0]Failed
Case:  [3, 2, 3, 5, 4, 5] ----> [4, 2, 0, 5, 1, 5]Failed
Case:  [5, 2, 0, 0, 4, 5] ----> [5, 3, 0, 0, 4, 1]Failed
Case:  [5, 1, 2, 4, 5, 1] ----> [3, 0, 2, 4, 5, 1]Failed
Case:  [4, 0, 3, 3, 0, 1] ----> [4, 0, 0, 3, 5, 2]Failed
Case:  [3, 0, 5, 5, 4, 0] ----> [2, 0, 5, 1, 4, 0]Failed
Case:  [5, 4, 3, 5, 4, 4] ----> [0, 1, 3, 5, 2, 4]Failed
Case:  [0, 5, 4, 2, 1, 2] ----> [0, 5, 4, 2, 1, 3]Failed
Case:  [3, 3, 4, 4, 5, 0] ----> [3, 1, 4, 2, 5, 0]Failed
Case:  [4, 0, 1, 4, 5, 5] ----> [4, 0, 1, 4, 2, 5]Failed
Case:  [0, 0, 0, 5, 3, 3] ----> [0, 4, 0, 5, 3, 1]Failed
Case:  [2, 1, 4, 4, 5, 1] ----> [3, 0, 2, 4, 5, 1]Failed
Case:  [5, 4, 1, 0, 0, 2] ----> [5, 4, 1, 3, 0, 2]Failed
Case:  [5, 3, 1, 0, 5, 0] ----> [5, 3, 1, 0, 5, 3]Failed
Case:  [0, 0, 0, 3, 4, 2] ----> [5, 0, 0, 3, 4, 2]Failed
Case:  [3, 1, 0, 3, 0, 4] ----> [3, 1, 3, 5, 0, 4]Failed
Case:  [2, 4, 2, 3, 3, 3] ----> [2, 4, 2, 0, 3, 1]Failed
Case:  [0, 3, 4, 0, 0, 5] ----> [1, 3, 4, 2, 0, 5]Failed
Case:  [2, 5, 0, 0, 4, 0] ----> [2, 5, 5, 1, 4, 0]Failed
Case:  [4, 2, 5, 0, 3, 4] ----> [4, 2, 5, 0, 3, 1]Failed
Case:  [0, 4, 1, 0, 3, 1] ----> [0, 4, 2, 5, 3, 1]Failed
Case:  [2, 0, 0, 1, 0, 1] ----> [2, 0, 5, 1, 4, 1]Failed
Case:  [0, 2, 5, 2, 1, 5] ----> [0, 2, 5, 2, 1, 3]Failed
Case:  [1, 4, 0, 1, 3, 1] ----> [1, 4, 0, 5, 3, 1]Failed
Case:  [3, 4, 5, 2, 0, 5] ----> [3, 1, 4, 2, 0, 5]Failed
Case:  [4, 5, 1, 4, 4, 4] ----> [2, 5, 1, 4, 4, 0]Failed
Case:  [5, 1, 4, 3, 2, 2] ----> [5, 1, 4, 3, 0, 2]Failed
Case:  [4, 1, 5, 5, 4, 0] ----> [4, 1, 5, 5, 2, 0]Failed
Case:  [5, 3, 0, 4, 5, 0] ----> [5, 3, 0, 4, 4, 1]Failed
Case:  [0, 0, 0, 5, 0, 3] ----> [4, 0, 3, 5, 2, 2]Failed
Case:  [5, 3, 0, 1, 3, 3] ----> [5, 3, 0, 4, 4, 1]Failed
Case:  [1, 2, 4, 2, 0, 5] ----> [1, 2, 4, 2, 0, 5]Failed
Case:  [0, 3, 5, 1, 1, 3] ----> [0, 3, 5, 4, 1, 3]Failed
Case:  [3, 5, 0, 1, 2, 2] ----> [3, 5, 0, 1, 4, 2]Failed
Case:  [4, 4, 5, 3, 5, 3] ----> [4, 0, 5, 3, 1, 3]Failed
Case:  [4, 1, 4, 5, 5, 2] ----> [4, 1, 1, 5, 5, 2]Failed
Case:  [5, 5, 5, 3, 0, 5] ----> [5, 2, 5, 3, 0, 4]Failed
Case:  [1, 1, 1, 0, 4, 3] ----> [4, 1, 5, 0, 2, 3]Failed
Case:  [5, 4, 5, 4, 5, 4] ----> [5, 1, 1, 4, 0, 3]Failed
Case:  [1, 2, 5, 4, 4, 3] ----> [1, 3, 5, 2, 4, 0]Failed
Case:  [2, 1, 5, 5, 5, 2] ----> [4, 1, 1, 5, 5, 2]Failed
Case:  [4, 0, 5, 2, 0, 3] ----> [4, 1, 5, 2, 0, 3]Failed
Case:  [1, 5, 2, 4, 0, 3] ----> [1, 5, 2, 4, 0, 3]Failed
Case:  [5, 0, 0, 2, 5, 1] ----> [3, 3, 0, 2, 5, 1]Failed
Case:  [0, 1, 3, 1, 3, 4] ----> [0, 5, 3, 1, 3, 4]Failed
Case:  [5, 5, 1, 5, 5, 0] ----> [2, 5, 1, 4, 0, 3]
Case:  [5, 4, 2, 4, 4, 0] ----> [5, 0, 2, 4, 4, 1]Failed
Case:  [2, 3, 2, 5, 1, 3] ----> [2, 0, 2, 4, 1, 3]Failed
Case:  [3, 0, 3, 4, 3, 2] ----> [3, 0, 3, 1, 4, 2]Failed
Case:  [0, 5, 3, 2, 1, 0] ----> [0, 5, 4, 2, 1, 3]Failed
Case:  [3, 4, 2, 1, 5, 0] ----> [3, 0, 4, 1, 5, 2]
Case:  [5, 4, 2, 1, 0, 4] ----> [5, 4, 1, 3, 0, 2]Failed
Case:  [5, 3, 2, 5, 3, 4] ----> [5, 1, 2, 0, 3, 4]Failed
Case:  [1, 5, 2, 5, 0, 3] ----> [1, 5, 5, 2, 0, 3]Failed
Case:  [2, 4, 2, 0, 0, 3] ----> [2, 4, 2, 0, 5, 3]Failed
Case:  [3, 4, 0, 3, 0, 2] ----> [1, 4, 0, 3, 0, 2]Failed
Case:  [5, 5, 5, 4, 5, 3] ----> [2, 5, 1, 4, 0, 3]
Case:  [5, 2, 5, 1, 4, 3] ----> [2, 2, 5, 1, 4, 0]Failed
Case:  [1, 0, 2, 2, 2, 0] ----> [1, 4, 2, 5, 3, 0]Failed
Case:  [3, 1, 1, 5, 4, 5] ----> [4, 1, 1, 5, 2, 0]Failed
Case:  [1, 0, 0, 0, 1, 2] ----> [4, 0, 0, 3, 5, 2]Failed
Case:  [4, 3, 5, 2, 3, 0] ----> [4, 1, 5, 5, 2, 0]Failed
Case:  [4, 2, 5, 0, 1, 0] ----> [4, 2, 5, 3, 1, 0]Failed
Case:  [0, 0, 0, 1, 0, 0] ----> [3, 0, 4, 1, 5, 2]
Case:  [4, 0, 0, 4, 1, 5] ----> [3, 0, 0, 4, 1, 5]Failed
Case:  [1, 4, 4, 2, 4, 3] ----> [1, 5, 4, 2, 0, 3]Failed
Case:  [1, 4, 0, 4, 3, 1] ----> [1, 4, 0, 5, 3, 1]Failed
Case:  [5, 4, 2, 0, 4, 0] ----> [5, 4, 2, 0, 3, 1]Failed
Case:  [2, 5, 5, 1, 1, 2] ----> [2, 5, 5, 1, 1, 4]Failed
Case:  [2, 4, 1, 2, 0, 4] ----> [2, 4, 1, 3, 0, 3]Failed
Case:  [5, 5, 2, 0, 3, 0] ----> [1, 5, 2, 0, 3, 0]Failed
Case:  [4, 5, 0, 3, 1, 0] ----> [4, 2, 0, 3, 1, 5]Failed
Case:  [3, 5, 4, 4, 2, 5] ----> [3, 0, 4, 4, 1, 5]Failed
Case:  [4, 3, 1, 4, 4, 0] ----> [5, 3, 1, 4, 2, 0]Failed
Case:  [0, 5, 0, 4, 2, 1] ----> [0, 5, 0, 4, 3, 1]Failed
Case:  [4, 4, 3, 0, 2, 2] ----> [4, 1, 3, 0, 2, 5]Failed
Case:  [5, 3, 3, 1, 5, 3] ----> [3, 0, 4, 1, 5, 2]
Case:  [2, 2, 3, 5, 5, 1] ----> [2, 0, 3, 0, 4, 1]Failed
Case:  [4, 5, 2, 0, 3, 3] ----> [1, 5, 2, 0, 3, 3]Failed
Case:  [2, 4, 5, 5, 5, 3] ----> [2, 4, 2, 0, 5, 3]Failed
Case:  [5, 4, 5, 0, 2, 1] ----> [5, 3, 5, 0, 4, 1]Failed
Case:  [3, 0, 4, 4, 3, 5] ----> [3, 0, 4, 4, 1, 5]Failed
Case:  [5, 2, 4, 5, 4, 1] ----> [4, 2, 0, 5, 3, 1]
Case:  [0, 2, 4, 3, 1, 1] ----> [0, 2, 5, 3, 1, 4]Failed
Case:  [2, 0, 0, 0, 3, 5] ----> [1, 4, 0, 0, 3, 5]Failed
Case:  [1, 3, 4, 2, 1, 1] ----> [1, 3, 4, 2, 0, 5]Failed
Case:  [1, 2, 2, 0, 3, 5] ----> [1, 4, 2, 0, 3, 5]Failed
Case:  [5, 3, 4, 4, 4, 1] ----> [5, 3, 0, 4, 4, 1]Failed
Case:  [2, 2, 3, 4, 5, 4] ----> [2, 0, 3, 1, 4, 1]Failed
Case:  [1, 2, 1, 1, 1, 3] ----> [0, 2, 4, 1, 1, 3]Failed
Case:  [5, 2, 3, 1, 3, 0] ----> [5, 2, 4, 1, 3, 0]Failed
Case:  [2, 2, 2, 4, 4, 1] ----> [3, 0, 2, 4, 1, 1]Failed
Case:  [3, 3, 1, 5, 5, 0] ----> [4, 1, 1, 5, 2, 0]Failed
Case:  [3, 4, 3, 3, 0, 5] ----> [2, 4, 1, 3, 0, 5]Failed
Case:  [0, 2, 3, 1, 3, 5] ----> [0, 2, 4, 1, 3, 5]Failed
Case:  [2, 3, 5, 4, 4, 2] ----> [2, 3, 5, 0, 4, 1]Failed
Case:  [2, 0, 4, 1, 0, 1] ----> [3, 0, 4, 1, 5, 2]
Case:  [5, 0, 2, 0, 2, 1] ----> [5, 0, 2, 0, 5, 1]Failed
Case:  [2, 5, 4, 0, 2, 4] ----> [2, 5, 3, 0, 0, 4]Failed
Case:  [0, 3, 5, 1, 1, 4] ----> [0, 2, 5, 1, 1, 4]Failed
Case:  [4, 0, 5, 0, 1, 4] ----> [2, 0, 5, 3, 1, 4]Failed
Case:  [4, 4, 5, 0, 2, 4] ----> [4, 1, 5, 0, 2, 4]Failed
Case:  [2, 3, 2, 1, 0, 0] ----> [2, 5, 5, 1, 4, 0]Failed
Case:  [1, 1, 4, 0, 1, 5] ----> [1, 4, 4, 0, 3, 5]Failed
Case:  [5, 4, 2, 0, 3, 4] ----> [5, 4, 2, 0, 3, 1]Failed
Case:  [0, 3, 1, 2, 5, 2] ----> [0, 3, 1, 2, 5, 2]Failed
Case:  [0, 2, 5, 5, 4, 4] ----> [0, 2, 5, 5, 1, 4]Failed
Case:  [3, 2, 1, 1, 3, 5] ----> [5, 2, 4, 1, 3, 5]Failed
Case:  [1, 3, 2, 4, 1, 2] ----> [3, 3, 0, 4, 1, 5]Failed
Case:  [2, 2, 5, 5, 5, 0] ----> [2, 0, 5, 3, 5, 0]Failed
Case:  [4, 4, 1, 2, 0, 2] ----> [0, 4, 1, 5, 0, 2]Failed
Case:  [5, 4, 1, 1, 5, 5] ----> [2, 4, 1, 1, 5, 5]Failed
Case:  [5, 2, 0, 1, 4, 4] ----> [5, 2, 0, 1, 4, 4]Failed
Case:  [0, 1, 3, 4, 4, 3] ----> [0, 1, 3, 5, 2, 4]Failed
Case:  [1, 4, 3, 2, 2, 0] ----> [1, 4, 1, 5, 2, 0]Failed
Case:  [4, 5, 4, 5, 4, 0] ----> [4, 2, 0, 5, 3, 1]
Case:  [5, 5, 1, 2, 4, 3] ----> [2, 5, 1, 0, 4, 3]Failed
Case:  [1, 0, 2, 5, 3, 0] ----> [1, 4, 2, 5, 3, 0]Failed
Case:  [2, 2, 0, 1, 5, 2] ----> [3, 4, 0, 1, 5, 2]Failed
Case:  [1, 3, 2, 1, 0, 5] ----> [3, 3, 0, 4, 1, 5]Failed
Case:  [2, 1, 3, 0, 3, 5] ----> [2, 5, 3, 0, 3, 5]Failed
Case:  [5, 2, 0, 4, 4, 5] ----> [5, 3, 0, 4, 4, 1]Failed
Case:  [0, 2, 5, 0, 2, 3] ----> [0, 2, 5, 2, 1, 3]Failed
Case:  [4, 3, 2, 0, 2, 5] ----> [4, 3, 1, 0, 2, 5]Failed
Case:  [1, 2, 2, 1, 0, 4] ----> [1, 2, 0, 5, 0, 4]Failed
Case:  [2, 2, 0, 0, 3, 3] ----> [1, 5, 2, 0, 3, 3]Failed
Case:  [1, 1, 5, 5, 3, 3] ----> [5, 1, 4, 0, 3, 3]Failed
Case:  [3, 2, 2, 5, 1, 2] ----> [3, 0, 2, 5, 1, 4]Failed
Case:  [5, 0, 0, 4, 5, 0] ----> [5, 3, 0, 4, 4, 1]Failed
Case:  [3, 0, 2, 5, 3, 3] ----> [3, 0, 2, 4, 1, 3]Failed
Case:  [3, 1, 3, 2, 2, 3] ----> [3, 1, 4, 2, 0, 3]Failed
Case:  [5, 2, 1, 2, 3, 0] ----> [5, 2, 4, 1, 3, 0]Failed
Case:  [4, 0, 3, 0, 5, 2] ----> [4, 0, 3, 0, 5, 1]Failed
Case:  [2, 1, 5, 2, 2, 5] ----> [4, 1, 5, 2, 0, 3]Failed
Case:  [2, 2, 3, 0, 0, 4] ----> [2, 5, 3, 0, 0, 4]Failed
Case:  [2, 3, 1, 5, 4, 2] ----> [5, 3, 1, 1, 4, 2]Failed
Case:  [2, 5, 1, 2, 2, 3] ----> [2, 5, 1, 4, 0, 3]
Case:  [0, 1, 0, 3, 3, 1] ----> [4, 2, 0, 5, 3, 1]
Case:  [4, 0, 3, 5, 3, 5] ----> [4, 0, 3, 5, 2, 5]Failed
Case:  [4, 3, 5, 4, 2, 0] ----> [1, 3, 5, 0, 2, 4]
Case:  [1, 5, 0, 5, 2, 4] ----> [1, 5, 0, 5, 0, 4]Failed
Case:  [2, 4, 4, 5, 0, 0] ----> [2, 4, 1, 3, 0, 5]Failed
Case:  [1, 4, 0, 1, 3, 4] ----> [1, 4, 0, 5, 3, 1]Failed
Case:  [2, 4, 2, 2, 2, 1] ----> [2, 4, 2, 0, 3, 1]Failed
Case:  [1, 4, 2, 1, 4, 0] ----> [3, 5, 2, 1, 4, 0]Failed
Case:  [5, 2, 4, 5, 2, 4] ----> [0, 2, 0, 5, 1, 4]Failed
Case:  [5, 0, 2, 3, 2, 4] ----> [5, 0, 5, 3, 2, 4]Failed
Case:  [4, 2, 2, 1, 1, 0] ----> [4, 2, 5, 3, 1, 0]Failed
Case:  [1, 5, 1, 1, 3, 0] ----> [2, 5, 1, 1, 4, 0]Failed
Case:  [1, 5, 2, 0, 3, 1] ----> [1, 5, 2, 0, 3, 3]Failed
Case:  [0, 1, 4, 5, 3, 0] ----> [0, 2, 4, 1, 3, 0]Failed
Case:  [5, 2, 4, 1, 2, 4] ----> [5, 2, 4, 1, 3, 0]Failed
Case:  [1, 0, 2, 0, 1, 4] ----> [1, 5, 2, 0, 3, 4]Failed
Case:  [4, 2, 2, 3, 1, 5] ----> [4, 2, 0, 3, 1, 5]Failed
Case:  [5, 2, 2, 1, 3, 2] ----> [5, 2, 4, 1, 3, 5]Failed
Case:  [2, 3, 3, 4, 1, 3] ----> [2, 5, 1, 4, 0, 3]
Case:  [0, 2, 2, 0, 0, 3] ----> [0, 2, 4, 2, 0, 3]Failed
Case:  [0, 5, 4, 1, 0, 4] ----> [2, 5, 3, 1, 0, 4]Failed
Case:  [5, 5, 1, 2, 0, 4] ----> [2, 5, 1, 4, 0, 3]
Case:  [3, 3, 1, 4, 3, 1] ----> [5, 3, 0, 4, 4, 1]Failed
Case:  [3, 5, 4, 4, 3, 1] ----> [3, 5, 0, 4, 1, 4]Failed
Case:  [1, 4, 1, 5, 4, 2] ----> [1, 4, 1, 5, 0, 2]Failed
Case:  [1, 2, 1, 3, 4, 3] ----> [1, 2, 5, 3, 0, 4]Failed
Case:  [0, 5, 4, 4, 4, 4] ----> [0, 5, 1, 4, 1, 3]Failed
Case:  [0, 1, 0, 5, 0, 5] ----> [3, 1, 4, 5, 0, 2]Failed
Case:  [2, 5, 2, 2, 4, 5] ----> [2, 5, 3, 0, 4, 4]Failed
Case:  [5, 1, 3, 3, 2, 3] ----> [5, 1, 3, 0, 2, 4]Failed
Case:  [0, 2, 0, 1, 1, 4] ----> [0, 2, 0, 5, 1, 4]Failed
Case:  [2, 5, 2, 2, 3, 0] ----> [2, 5, 2, 4, 3, 0]Failed
Case:  [4, 5, 4, 5, 3, 2] ----> [4, 2, 0, 5, 3, 1]
Case:  [1, 3, 3, 5, 0, 0] ----> [1, 5, 3, 5, 0, 2]Failed
Case:  [3, 4, 0, 5, 2, 4] ----> [1, 4, 0, 5, 2, 4]Failed
Case:  [0, 2, 3, 1, 1, 4] ----> [0, 2, 5, 1, 1, 4]Failed
Case:  [3, 5, 1, 5, 1, 0] ----> [3, 5, 2, 4, 1, 0]Failed
Case:  [2, 2, 5, 0, 1, 2] ----> [2, 5, 5, 0, 1, 3]Failed
Case:  [3, 3, 0, 5, 3, 1] ----> [1, 4, 0, 5, 3, 1]Failed
Case:  [2, 4, 4, 5, 2, 4] ----> [0, 4, 1, 5, 2, 2]Failed
Case:  [1, 5, 1, 4, 1, 2] ----> [0, 5, 1, 4, 1, 3]Failed
Case:  [4, 0, 2, 5, 4, 3] ----> [4, 0, 2, 5, 1, 3]Failed
Case:  [0, 4, 0, 5, 5, 2] ----> [0, 4, 1, 5, 5, 2]Failed
Case:  [2, 2, 0, 1, 5, 5] ----> [4, 2, 0, 5, 3, 1]
Case:  [0, 0, 3, 4, 4, 5] ----> [2, 0, 3, 1, 4, 5]Failed
Case:  [3, 3, 4, 1, 1, 5] ----> [3, 0, 4, 1, 1, 5]Failed
Case:  [3, 1, 1, 5, 1, 0] ----> [4, 1, 1, 5, 2, 0]Failed
Case:  [4, 3, 4, 2, 2, 0] ----> [4, 1, 5, 0, 2, 0]Failed
Case:  [5, 4, 0, 4, 1, 2] ----> [5, 3, 0, 4, 4, 1]Failed
Case:  [5, 1, 3, 0, 0, 1] ----> [5, 1, 3, 0, 2, 4]Failed
Case:  [1, 0, 4, 4, 2, 2] ----> [5, 0, 1, 4, 2, 3]Failed
Case:  [3, 5, 5, 5, 3, 1] ----> [4, 2, 0, 5, 3, 1]
Case:  [0, 3, 2, 4, 0, 0] ----> [0, 3, 1, 4, 2, 0]Failed
Case:  [0, 0, 2, 5, 1, 0] ----> [3, 0, 2, 5, 1, 4]Failed
Case:  [5, 3, 4, 3, 0, 0] ----> [5, 2, 4, 3, 0, 3]Failed
Case:  [0, 1, 0, 3, 0, 2] ----> [1, 4, 0, 3, 0, 2]Failed
Case:  [3, 3, 4, 0, 1, 4] ----> [1, 3, 5, 0, 2, 4]
Case:  [1, 5, 3, 5, 4, 3] ----> [1, 5, 3, 0, 4, 2]Failed
Case:  [1, 3, 4, 3, 3, 3] ----> [1, 4, 2, 0, 3, 3]Failed
Case:  [1, 0, 1, 1, 1, 4] ----> [2, 0, 5, 3, 1, 4]Failed
Case:  [5, 4, 2, 5, 4, 2] ----> [1, 4, 1, 5, 0, 2]Failed
Case:  [1, 2, 3, 1, 1, 5] ----> [5, 2, 4, 1, 3, 5]Failed
Case:  [4, 5, 3, 1, 4, 4] ----> [2, 5, 3, 1, 4, 4]Failed
Case:  [1, 0, 2, 0, 0, 2] ----> [1, 5, 2, 0, 3, 4]Failed
Case:  [3, 1, 2, 0, 3, 0] ----> [3, 1, 2, 5, 3, 0]Failed
Case:  [1, 2, 4, 2, 5, 5] ----> [1, 2, 4, 2, 0, 5]Failed
Case:  [1, 5, 3, 0, 4, 5] ----> [1, 5, 3, 0, 4, 2]Failed
Case:  [3, 4, 4, 3, 1, 1] ----> [3, 0, 2, 4, 1, 1]Failed
Case:  [2, 2, 5, 1, 5, 3] ----> [2, 0, 5, 1, 5, 3]Failed
Case:  [5, 4, 3, 3, 5, 1] ----> [4, 4, 0, 3, 5, 2]Failed
Case:  [4, 0, 4, 4, 2, 5] ----> [4, 0, 3, 0, 2, 5]Failed
Case:  [4, 4, 4, 3, 5, 2] ----> [4, 4, 0, 3, 5, 2]Failed
Case:  [5, 0, 2, 1, 2, 1] ----> [5, 0, 2, 4, 2, 1]Failed
Case:  [4, 3, 3, 3, 1, 0] ----> [4, 2, 5, 3, 1, 0]Failed
Case:  [0, 4, 3, 3, 2, 0] ----> [0, 4, 3, 5, 2, 1]Failed
Case:  [0, 2, 4, 4, 0, 2] ----> [0, 2, 4, 5, 0, 2]Failed
Case:  [1, 5, 0, 3, 4, 2] ----> [1, 5, 0, 2, 4, 2]Failed
Case:  [3, 1, 3, 4, 1, 4] ----> [3, 5, 2, 4, 1, 4]Failed
Case:  [2, 1, 3, 4, 1, 0] ----> [2, 5, 3, 0, 0, 4]Failed
Case:  [4, 1, 0, 4, 0, 2] ----> [5, 1, 1, 4, 0, 3]Failed
Case:  [0, 2, 2, 5, 5, 4] ----> [0, 2, 0, 5, 1, 4]Failed
Case:  [5, 0, 5, 0, 2, 4] ----> [1, 3, 5, 0, 2, 4]
Case:  [0, 0, 4, 3, 5, 1] ----> [3, 0, 4, 1, 5, 2]
Case:  [1, 1, 2, 4, 4, 1] ----> [5, 3, 0, 4, 4, 1]Failed
Case:  [1, 0, 5, 3, 1, 5] ----> [2, 0, 5, 3, 1, 3]Failed
Case:  [4, 1, 0, 3, 1, 3] ----> [4, 2, 5, 3, 1, 3]Failed
Case:  [4, 1, 4, 3, 0, 3] ----> [3, 1, 4, 2, 0, 3]Failed
Case:  [2, 2, 1, 5, 1, 2] ----> [0, 4, 1, 5, 0, 2]Failed
Case:  [4, 5, 2, 3, 5, 1] ----> [3, 0, 2, 5, 5, 1]Failed
Case:  [3, 4, 4, 4, 4, 3] ----> [5, 1, 4, 4, 0, 3]Failed
Case:  [5, 4, 3, 3, 5, 2] ----> [4, 4, 0, 3, 5, 2]Failed
Case:  [3, 5, 3, 1, 4, 0] ----> [2, 5, 3, 1, 4, 0]Failed
Case:  [1, 0, 0, 5, 3, 3] ----> [1, 4, 0, 5, 3, 2]Failed
Case:  [1, 2, 5, 0, 1, 4] ----> [1, 3, 5, 0, 2, 4]
Case:  [3, 5, 2, 3, 1, 0] ----> [3, 5, 2, 4, 1, 0]Failed
Case:  [0, 1, 1, 2, 5, 5] ----> [0, 1, 4, 2, 5, 3]Failed
Case:  [3, 1, 4, 5, 2, 0] ----> [3, 1, 4, 5, 2, 0]Failed
Case:  [1, 2, 5, 1, 2, 0] ----> [2, 2, 5, 1, 4, 0]Failed
Case:  [0, 3, 2, 5, 3, 4] ----> [0, 4, 2, 5, 3, 1]Failed
Case:  [3, 2, 5, 1, 1, 4] ----> [0, 2, 5, 1, 1, 4]Failed
Case:  [2, 3, 1, 5, 3, 3] ----> [2, 4, 1, 3, 0, 3]Failed
Case:  [3, 2, 4, 1, 1, 4] ----> [3, 0, 4, 1, 1, 5]Failed
Case:  [4, 1, 0, 4, 5, 5] ----> [4, 3, 0, 2, 5, 1]Failed
Case:  [4, 3, 4, 2, 0, 1] ----> [4, 3, 0, 2, 5, 1]Failed
Case:  [3, 1, 5, 0, 2, 4] ----> [5, 1, 5, 0, 2, 4]Failed
Case:  [1, 5, 2, 1, 5, 3] ----> [1, 5, 2, 0, 3, 3]Failed
Case:  [4, 5, 2, 4, 2, 5] ----> [4, 0, 3, 5, 2, 5]Failed
Case:  [5, 5, 0, 0, 5, 5] ----> [5, 3, 0, 0, 4, 1]Failed
Case:  [4, 2, 4, 3, 5, 4] ----> [4, 2, 0, 3, 5, 0]Failed
Case:  [5, 1, 4, 5, 1, 2] ----> [3, 1, 4, 5, 0, 2]Failed
Case:  [0, 1, 2, 5, 5, 4] ----> [3, 1, 3, 5, 2, 4]Failed
Case:  [0, 2, 0, 3, 3, 0] ----> [4, 2, 0, 5, 3, 1]
Case:  [5, 1, 0, 3, 5, 3] ----> [4, 4, 0, 3, 5, 2]Failed
Case:  [2, 2, 2, 1, 4, 0] ----> [2, 2, 5, 1, 4, 0]Failed
Case:  [2, 5, 2, 3, 5, 0] ----> [2, 4, 1, 3, 5, 0]Failed
Case:  [0, 4, 5, 1, 5, 1] ----> [0, 4, 5, 1, 5, 1]Failed
Case:  [3, 1, 0, 0, 2, 1] ----> [3, 3, 0, 2, 5, 1]Failed
Case:  [2, 4, 2, 0, 4, 0] ----> [2, 4, 2, 0, 3, 1]Failed
Case:  [5, 4, 3, 4, 4, 2] ----> [5, 0, 3, 1, 4, 2]Failed
Case:  [5, 1, 5, 2, 5, 5] ----> [4, 1, 5, 2, 5, 3]Failed
Case:  [3, 2, 1, 3, 1, 1] ----> [4, 2, 0, 3, 1, 5]Failed
Case:  [2, 0, 0, 5, 1, 0] ----> [3, 0, 2, 5, 1, 1]Failed
Case:  [4, 0, 5, 1, 3, 2] ----> [2, 0, 3, 1, 4, 2]Failed
Case:  [1, 4, 5, 5, 5, 1] ----> [1, 4, 0, 5, 3, 1]Failed
Case:  [2, 0, 3, 2, 3, 3] ----> [2, 0, 3, 1, 4, 5]Failed
Case:  [3, 1, 3, 4, 0, 1] ----> [3, 1, 3, 5, 0, 4]Failed
Case:  [4, 3, 5, 4, 2, 5] ----> [5, 3, 1, 4, 2, 5]Failed
Case:  [5, 5, 2, 0, 2, 3] ----> [1, 5, 2, 0, 3, 3]Failed
Case:  [3, 2, 1, 5, 1, 0] ----> [4, 1, 1, 5, 2, 0]Failed
Case:  [1, 4, 3, 2, 4, 5] ----> [1, 3, 0, 2, 4, 5]Failed
Case:  [4, 0, 3, 3, 3, 0] ----> [4, 0, 1, 3, 5, 2]Failed
Case:  [1, 1, 0, 3, 1, 1] ----> [1, 5, 0, 3, 1, 4]Failed
Case:  [4, 3, 0, 4, 5, 5] ----> [3, 3, 0, 4, 1, 5]Failed
Case:  [0, 3, 1, 5, 2, 3] ----> [0, 3, 1, 5, 2, 4]Failed
Case:  [4, 0, 5, 3, 4, 0] ----> [4, 0, 5, 3, 2, 0]Failed
Case:  [2, 0, 4, 5, 1, 2] ----> [3, 0, 4, 5, 1, 2]Failed
Case:  [5, 2, 5, 1, 3, 3] ----> [5, 2, 4, 1, 3, 5]Failed
Case:  [3, 5, 4, 2, 2, 4] ----> [3, 5, 0, 2, 0, 4]Failed
Case:  [4, 2, 2, 1, 2, 2] ----> [4, 2, 5, 1, 3, 0]Failed
Case:  [1, 5, 3, 3, 0, 3] ----> [1, 5, 5, 2, 0, 3]Failed
Case:  [0, 4, 3, 2, 0, 3] ----> [1, 1, 5, 2, 0, 3]Failed
Case:  [3, 5, 2, 1, 0, 5] ----> [2, 5, 3, 1, 0, 4]Failed
Case:  [5, 1, 4, 2, 1, 5] ----> [5, 1, 4, 2, 0, 3]Failed
Case:  [3, 0, 4, 4, 4, 4] ----> [3, 0, 4, 1, 5, 2]
Case:  [1, 3, 0, 2, 0, 1] ----> [1, 3, 0, 2, 4, 1]Failed
Case:  [3, 3, 4, 5, 2, 1] ----> [3, 2, 0, 5, 1, 4]Failed
Case:  [3, 5, 2, 2, 4, 0] ----> [3, 5, 2, 4, 1, 0]Failed
Case:  [3, 0, 5, 3, 0, 3] ----> [2, 0, 5, 3, 1, 3]Failed
Case:  [2, 5, 1, 1, 3, 0] ----> [2, 5, 1, 1, 4, 0]Failed
Case:  [5, 0, 4, 1, 1, 0] ----> [5, 2, 4, 1, 3, 0]Failed
Case:  [4, 0, 3, 3, 3, 4] ----> [4, 0, 3, 5, 2, 5]Failed
Case:  [5, 2, 2, 5, 5, 2] ----> [3, 0, 2, 5, 5, 1]Failed
Case:  [3, 0, 3, 1, 1, 1] ----> [3, 0, 3, 1, 4, 2]Failed
Case:  [3, 1, 4, 1, 1, 4] ----> [3, 0, 4, 1, 1, 5]Failed
Case:  [4, 2, 0, 2, 0, 0] ----> [4, 2, 0, 5, 3, 1]
Case:  [4, 2, 3, 1, 3, 3] ----> [4, 2, 0, 5, 3, 1]
Case:  [2, 1, 5, 0, 1, 2] ----> [2, 3, 5, 0, 1, 4]Failed
Case:  [2, 3, 4, 4, 5, 1] ----> [0, 3, 1, 4, 5, 1]Failed
Case:  [3, 5, 3, 3, 3, 1] ----> [2, 5, 3, 0, 4, 1]Failed
Case:  [0, 2, 3, 4, 1, 0] ----> [0, 2, 4, 4, 1, 3]Failed
Case:  [0, 0, 0, 3, 3, 1] ----> [4, 2, 0, 5, 3, 1]
Case:  [0, 0, 4, 5, 1, 5] ----> [3, 0, 4, 1, 1, 5]Failed
Case:  [1, 2, 1, 0, 3, 5] ----> [1, 4, 4, 0, 3, 5]Failed
Case:  [4, 4, 3, 1, 3, 5] ----> [2, 4, 3, 1, 3, 5]Failed
Case:  [2, 5, 3, 3, 1, 4] ----> [2, 5, 3, 0, 4, 4]Failed
Case:  [0, 1, 0, 2, 3, 4] ----> [0, 5, 3, 1, 3, 4]Failed
Case:  [3, 4, 2, 0, 4, 0] ----> [3, 5, 2, 4, 1, 0]Failed
Case:  [4, 4, 0, 1, 2, 1] ----> [4, 2, 0, 5, 3, 1]
Case:  [2, 4, 1, 5, 4, 0] ----> [4, 1, 1, 5, 2, 0]Failed
Case:  [3, 2, 1, 0, 2, 0] ----> [4, 1, 1, 5, 2, 0]Failed
Case:  [1, 3, 3, 4, 4, 4] ----> [1, 3, 5, 0, 2, 4]
Case:  [5, 1, 0, 5, 1, 4] ----> [3, 2, 0, 5, 1, 4]Failed
Case:  [0, 1, 3, 0, 1, 4] ----> [5, 1, 3, 0, 2, 4]Failed
Case:  [2, 3, 1, 2, 2, 5] ----> [0, 3, 1, 4, 2, 5]Failed
Case:  [0, 2, 3, 3, 5, 3] ----> [2, 4, 1, 3, 5, 3]Failed
Case:  [0, 0, 4, 2, 1, 3] ----> [0, 1, 4, 2, 5, 3]Failed
Case:  [1, 0, 1, 4, 1, 4] ----> [3, 0, 2, 4, 1, 1]Failed
Case:  [3, 3, 3, 0, 0, 0] ----> [3, 1, 3, 5, 0, 4]Failed
Case:  [1, 3, 1, 0, 2, 5] ----> [1, 3, 5, 0, 2, 4]
Case:  [5, 3, 4, 4, 2, 5] ----> [5, 3, 1, 4, 2, 5]Failed
Case:  [1, 2, 4, 1, 4, 5] ----> [5, 2, 4, 1, 3, 5]Failed
Case:  [0, 3, 0, 4, 0, 5] ----> [3, 3, 0, 4, 1, 5]Failed
Case:  [4, 4, 0, 2, 0, 0] ----> [1, 4, 0, 2, 0, 5]Failed
Case:  [4, 5, 3, 3, 4, 3] ----> [2, 5, 3, 0, 4, 4]Failed
Case:  [5, 5, 4, 4, 1, 1] ----> [3, 5, 0, 4, 1, 5]Failed
Case:  [1, 0, 1, 4, 2, 5] ----> [3, 0, 1, 4, 2, 5]Failed
Case:  [1, 1, 1, 4, 4, 2] ----> [2, 5, 1, 4, 0, 3]
Case:  [0, 0, 4, 3, 1, 1] ----> [3, 0, 2, 5, 1, 1]Failed
Case:  [4, 5, 4, 0, 0, 2] ----> [1, 5, 4, 2, 0, 3]Failed
Case:  [5, 0, 4, 3, 0, 0] ----> [5, 0, 4, 3, 0, 2]Failed
Case:  [2, 1, 4, 3, 0, 3] ----> [5, 1, 4, 4, 0, 3]Failed
Case:  [0, 4, 3, 4, 2, 3] ----> [0, 4, 1, 4, 2, 3]Failed
Case:  [4, 4, 0, 4, 2, 4] ----> [4, 4, 1, 5, 2, 5]Failed
Case:  [0, 1, 3, 4, 4, 3] ----> [0, 1, 5, 4, 2, 3]Failed
Case:  [1, 3, 5, 0, 5, 3] ----> [1, 3, 5, 0, 4, 0]Failed
Case:  [3, 1, 3, 0, 3, 2] ----> [4, 1, 3, 0, 2, 5]Failed
Case:  [2, 2, 2, 2, 0, 0] ----> [2, 2, 5, 3, 0, 4]Failed
Case:  [3, 0, 5, 2, 2, 5] ----> [4, 0, 3, 0, 2, 5]Failed
Case:  [5, 0, 5, 4, 3, 4] ----> [5, 1, 5, 0, 2, 4]Failed
Case:  [3, 0, 2, 3, 0, 0] ----> [3, 0, 2, 5, 5, 1]Failed
Case:  [1, 1, 4, 0, 1, 3] ----> [5, 1, 4, 0, 3, 3]Failed
Case:  [1, 2, 0, 1, 4, 1] ----> [5, 2, 0, 1, 4, 1]Failed
Case:  [5, 1, 0, 0, 5, 2] ----> [5, 1, 4, 0, 5, 3]Failed
Case:  [3, 4, 3, 5, 5, 4] ----> [3, 1, 3, 5, 0, 4]Failed
Case:  [0, 1, 1, 5, 1, 2] ----> [0, 4, 1, 5, 0, 2]Failed
Case:  [0, 3, 3, 1, 3, 2] ----> [0, 5, 3, 1, 4, 2]Failed
Case:  [4, 3, 1, 4, 2, 0] ----> [0, 3, 1, 4, 2, 0]Failed
Case:  [5, 2, 4, 4, 1, 4] ----> [5, 2, 0, 3, 1, 4]Failed
Case:  [2, 2, 3, 1, 1, 3] ----> [2, 0, 5, 3, 1, 3]Failed
Case:  [3, 0, 0, 3, 3, 2] ----> [4, 0, 0, 3, 5, 2]Failed
Case:  [1, 2, 0, 0, 2, 3] ----> [1, 4, 5, 0, 2, 3]Failed
Case:  [3, 3, 5, 2, 1, 1] ----> [0, 3, 5, 2, 5, 1]Failed
Case:  [4, 2, 0, 4, 4, 5] ----> [4, 2, 0, 3, 1, 5]Failed
Case:  [1, 4, 2, 2, 1, 1] ----> [1, 4, 2, 5, 3, 1]Failed
Case:  [2, 5, 2, 3, 2, 5] ----> [2, 4, 3, 0, 2, 5]Failed
Case:  [3, 0, 2, 3, 0, 4] ----> [3, 0, 2, 5, 1, 4]Failed
Case:  [4, 3, 1, 3, 5, 0] ----> [4, 3, 1, 3, 5, 0]Failed
Case:  [2, 4, 3, 0, 0, 0] ----> [2, 4, 3, 0, 0, 5]Failed
Case:  [4, 3, 5, 3, 4, 3] ----> [1, 3, 5, 2, 4, 0]Failed
Case:  [3, 5, 4, 5, 4, 1] ----> [3, 5, 0, 2, 4, 1]Failed
Case:  [1, 1, 2, 5, 0, 2] ----> [4, 1, 3, 5, 0, 2]Failed
Case:  [2, 1, 2, 1, 1, 2] ----> [2, 5, 5, 1, 1, 4]Failed
Case:  [1, 4, 3, 4, 4, 1] ----> [2, 5, 3, 0, 4, 1]Failed
Case:  [0, 1, 1, 0, 0, 4] ----> [3, 1, 3, 5, 0, 4]Failed
Case:  [1, 0, 2, 0, 5, 2] ----> [1, 4, 2, 0, 5, 3]Failed
Case:  [3, 4, 0, 1, 2, 3] ----> [3, 4, 0, 1, 5, 2]Failed
Case:  [1, 2, 1, 0, 3, 1] ----> [5, 2, 4, 0, 3, 1]Failed
Case:  [3, 4, 2, 3, 3, 5] ----> [2, 4, 0, 1, 3, 5]Failed
Case:  [2, 3, 0, 1, 3, 3] ----> [2, 4, 0, 1, 3, 5]Failed
Case:  [5, 0, 2, 4, 4, 5] ----> [5, 0, 2, 4, 4, 1]Failed
Case:  [5, 5, 1, 4, 0, 3] ----> [2, 5, 1, 4, 0, 3]
Case:  [4, 0, 4, 5, 5, 1] ----> [4, 0, 3, 5, 2, 1]Failed
Case:  [0, 3, 2, 1, 2, 2] ----> [1, 3, 5, 0, 2, 4]
Case:  [4, 5, 5, 0, 5, 4] ----> [4, 1, 5, 0, 2, 4]Failed
Case:  [3, 5, 1, 4, 5, 4] ----> [3, 5, 1, 4, 2, 0]Failed
Case:  [1, 0, 1, 0, 3, 1] ----> [1, 4, 2, 0, 3, 1]Failed
Case:  [5, 2, 2, 5, 3, 2] ----> [4, 2, 0, 5, 3, 1]
Case:  [1, 0, 5, 5, 1, 3] ----> [4, 0, 5, 3, 1, 3]Failed
Case:  [1, 4, 3, 4, 1, 4] ----> [3, 5, 2, 4, 1, 4]Failed
Case:  [4, 1, 3, 2, 0, 3] ----> [4, 1, 5, 2, 0, 3]Failed
Case:  [0, 3, 2, 1, 5, 2] ----> [0, 4, 4, 1, 5, 2]Failed
Case:  [0, 1, 4, 4, 0, 1] ----> [5, 1, 4, 4, 0, 3]Failed
Case:  [4, 3, 0, 1, 2, 3] ----> [1, 3, 0, 4, 2, 5]Failed
Case:  [1, 3, 4, 4, 1, 0] ----> [0, 3, 1, 4, 2, 0]Failed
Case:  [1, 3, 4, 5, 5, 4] ----> [1, 3, 5, 0, 2, 4]
Case:  [5, 1, 4, 5, 1, 1] ----> [5, 1, 4, 0, 3, 3]Failed
Case:  [4, 3, 1, 4, 1, 2] ----> [0, 3, 1, 4, 5, 2]Failed
Case:  [3, 2, 2, 0, 3, 0] ----> [1, 5, 2, 5, 3, 0]Failed
Case:  [5, 1, 3, 1, 4, 3] ----> [5, 0, 3, 1, 4, 2]Failed
Case:  [2, 3, 2, 5, 2, 3] ----> [1, 3, 5, 0, 2, 4]
Case:  [2, 0, 3, 2, 0, 4] ----> [2, 5, 3, 0, 0, 4]Failed
Case:  [2, 0, 0, 1, 5, 0] ----> [2, 0, 5, 1, 4, 0]Failed
Case:  [3, 4, 2, 1, 1, 2] ----> [3, 4, 0, 1, 5, 2]Failed
Case:  [3, 4, 1, 5, 3, 3] ----> [0, 4, 1, 5, 5, 2]Failed
Case:  [2, 3, 3, 3, 4, 1] ----> [2, 0, 3, 0, 4, 1]Failed
Case:  [5, 1, 3, 3, 4, 5] ----> [4, 1, 3, 0, 2, 5]Failed
Case:  [5, 3, 2, 5, 5, 2] ----> [3, 0, 2, 5, 5, 1]Failed
Case:  [2, 3, 5, 5, 3, 0] ----> [4, 2, 0, 5, 3, 1]
Case:  [1, 4, 0, 3, 1, 2] ----> [1, 4, 0, 3, 5, 2]Failed
Case:  [1, 5, 4, 5, 1, 2] ----> [1, 5, 0, 2, 4, 2]Failed
Case:  [2, 2, 3, 5, 3, 0] ----> [4, 2, 0, 5, 3, 1]
Case:  [0, 1, 2, 2, 2, 5] ----> [0, 1, 3, 5, 2, 4]Failed
Case:  [5, 2, 0, 1, 0, 2] ----> [5, 2, 4, 1, 0, 2]Failed
Case:  [1, 3, 5, 3, 3, 1] ----> [1, 3, 5, 0, 4, 1]Failed
Case:  [1, 1, 5, 0, 0, 1] ----> [1, 3, 5, 0, 2, 4]
Case:  [1, 2, 5, 4, 0, 4] ----> [1, 2, 5, 3, 0, 4]Failed
Case:  [3, 2, 4, 1, 3, 1] ----> [5, 2, 4, 1, 3, 0]Failed
Case:  [3, 4, 2, 0, 4, 0] ----> [1, 5, 2, 0, 3, 0]Failed
Case:  [0, 4, 2, 0, 4, 4] ----> [1, 4, 2, 0, 2, 4]Failed
Case:  [4, 0, 1, 0, 0, 2] ----> [4, 0, 3, 5, 2, 2]Failed
Case:  [2, 2, 3, 2, 3, 1] ----> [2, 5, 3, 0, 4, 1]Failed
Case:  [2, 0, 5, 1, 4, 0] ----> [2, 0, 5, 1, 4, 0]Failed
Case:  [5, 4, 1, 4, 4, 5] ----> [5, 3, 1, 4, 2, 5]Failed
Case:  [3, 0, 4, 0, 1, 2] ----> [3, 0, 4, 5, 1, 2]Failed
Case:  [2, 1, 4, 3, 2, 0] ----> [3, 0, 4, 1, 5, 2]
Case:  [3, 4, 4, 5, 1, 3] ----> [3, 0, 2, 4, 1, 3]Failed
Case:  [0, 1, 4, 5, 4, 3] ----> [3, 1, 4, 2, 0, 3]Failed
Case:  [5, 5, 3, 4, 2, 4] ----> [5, 1, 3, 0, 2, 4]Failed
Case:  [2, 2, 3, 0, 0, 3] ----> [2, 5, 3, 0, 0, 4]Failed
Case:  [4, 1, 5, 2, 4, 1] ----> [4, 0, 5, 2, 4, 1]Failed
Case:  [0, 4, 1, 1, 4, 0] ----> [0, 4, 1, 1, 5, 2]Failed
Case:  [1, 0, 5, 3, 1, 5] ----> [2, 0, 5, 3, 1, 3]Failed
Case:  [4, 1, 4, 5, 3, 0] ----> [4, 1, 4, 5, 3, 0]Failed
Case:  [1, 3, 3, 2, 0, 5] ----> [1, 3, 5, 2, 0, 5]Failed
Case:  [2, 4, 4, 2, 1, 5] ----> [1, 4, 4, 2, 0, 5]Failed
Case:  [0, 0, 0, 1, 2, 3] ----> [2, 0, 5, 1, 5, 3]Failed
Case:  [3, 0, 4, 0, 2, 2] ----> [3, 0, 4, 1, 5, 2]
Case:  [2, 5, 3, 4, 0, 3] ----> [2, 5, 1, 4, 0, 3]
Case:  [4, 4, 2, 4, 2, 1] ----> [3, 0, 2, 4, 1, 1]Failed
Case:  [1, 5, 4, 4, 0, 2] ----> [1, 5, 4, 2, 0, 3]Failed
Case:  [3, 3, 2, 0, 1, 1] ----> [3, 0, 2, 4, 1, 1]Failed
Case:  [2, 0, 0, 2, 4, 5] ----> [3, 3, 0, 2, 4, 1]Failed
Case:  [2, 1, 5, 2, 2, 2] ----> [4, 1, 5, 0, 2, 3]Failed
Case:  [4, 5, 4, 4, 2, 5] ----> [4, 0, 3, 0, 2, 5]Failed
Case:  [4, 2, 3, 5, 1, 4] ----> [4, 2, 0, 5, 1, 4]Failed
Case:  [2, 0, 2, 4, 2, 5] ----> [3, 0, 2, 4, 1, 5]Failed
Case:  [0, 4, 1, 5, 0, 2] ----> [0, 4, 1, 5, 0, 2]Failed
Case:  [2, 4, 4, 1, 3, 3] ----> [2, 4, 4, 1, 3, 5]Failed
Case:  [0, 2, 0, 1, 3, 3] ----> [0, 2, 4, 1, 3, 0]Failed
Case:  [1, 5, 1, 4, 4, 1] ----> [2, 5, 1, 4, 4, 0]Failed
Case:  [2, 4, 5, 2, 5, 5] ----> [2, 4, 2, 0, 5, 3]Failed
Case:  [2, 1, 3, 0, 5, 1] ----> [4, 1, 3, 0, 5, 1]Failed
Case:  [2, 5, 5, 5, 4, 0] ----> [2, 5, 5, 1, 4, 0]Failed
Case:  [3, 5, 3, 0, 3, 2] ----> [3, 5, 3, 1, 4, 2]Failed
Case:  [0, 2, 3, 3, 0, 0] ----> [2, 2, 5, 3, 0, 4]Failed
Case:  [5, 3, 4, 1, 3, 1] ----> [5, 2, 4, 1, 3, 0]Failed
Case:  [0, 1, 1, 5, 2, 3] ----> [0, 4, 1, 5, 2, 2]Failed
Case:  [1, 5, 1, 0, 2, 0] ----> [1, 5, 2, 0, 3, 0]Failed
Case:  [5, 2, 5, 5, 5, 3] ----> [5, 2, 5, 3, 0, 4]Failed
Case:  [0, 2, 0, 1, 3, 2] ----> [0, 2, 4, 1, 3, 0]Failed
Case:  [1, 1, 0, 2, 1, 5] ----> [1, 3, 0, 2, 4, 5]Failed
Case:  [5, 0, 2, 2, 3, 2] ----> [5, 0, 2, 5, 3, 1]Failed
Case:  [0, 1, 0, 1, 2, 0] ----> [0, 2, 4, 1, 3, 0]Failed
Case:  [1, 4, 4, 0, 0, 3] ----> [1, 4, 4, 0, 0, 3]Failed
Case:  [4, 0, 4, 0, 4, 2] ----> [4, 0, 3, 5, 2, 2]Failed
Case:  [0, 0, 3, 5, 3, 3] ----> [4, 0, 3, 5, 2, 1]Failed
Case:  [1, 4, 0, 1, 0, 1] ----> [1, 4, 0, 5, 3, 1]Failed
Case:  [3, 5, 0, 4, 1, 3] ----> [3, 5, 2, 4, 1, 3]Failed
Case:  [4, 5, 1, 3, 1, 4] ----> [2, 5, 1, 3, 0, 4]Failed
Case:  [4, 0, 0, 0, 2, 2] ----> [4, 0, 3, 0, 2, 5]Failed
Case:  [0, 2, 3, 5, 1, 3] ----> [0, 2, 5, 5, 1, 4]Failed
Case:  [0, 4, 4, 5, 4, 2] ----> [0, 4, 1, 5, 0, 2]Failed
Case:  [2, 4, 1, 3, 3, 0] ----> [2, 4, 1, 3, 5, 0]Failed
Case:  [4, 3, 5, 4, 5, 4] ----> [4, 3, 5, 0, 5, 1]Failed
Case:  [0, 1, 4, 3, 0, 5] ----> [3, 1, 4, 2, 0, 5]Failed
Case:  [5, 0, 1, 1, 0, 2] ----> [5, 0, 4, 1, 4, 2]Failed
Case:  [2, 4, 3, 2, 4, 5] ----> [2, 4, 3, 0, 2, 5]Failed
Case:  [5, 2, 3, 4, 2, 5] ----> [2, 0, 3, 4, 2, 5]Failed
Case:  [3, 2, 4, 0, 2, 3] ----> [5, 1, 4, 0, 0, 3]Failed
Case:  [0, 5, 3, 0, 2, 2] ----> [0, 5, 3, 0, 2, 4]Failed
Case:  [5, 2, 3, 1, 4, 0] ----> [2, 2, 5, 1, 4, 0]Failed
Case:  [3, 4, 1, 1, 0, 5] ----> [2, 4, 1, 3, 0, 5]Failed
Case:  [5, 2, 2, 3, 3, 1] ----> [4, 2, 0, 5, 3, 1]
Case:  [0, 3, 4, 2, 5, 3] ----> [0, 1, 4, 2, 5, 3]Failed
Case:  [1, 2, 2, 5, 4, 1] ----> [3, 2, 0, 5, 4, 1]Failed
Case:  [2, 5, 4, 3, 0, 2] ----> [2, 4, 1, 3, 0, 2]Failed
Case:  [3, 5, 5, 5, 4, 3] ----> [1, 5, 5, 2, 0, 3]Failed
Case:  [0, 1, 5, 2, 2, 0] ----> [4, 1, 5, 0, 2, 0]Failed
Case:  [2, 0, 3, 4, 1, 4] ----> [2, 0, 3, 4, 1, 5]Failed
Case:  [4, 3, 5, 0, 3, 4] ----> [1, 3, 5, 0, 2, 4]
Case:  [3, 4, 3, 4, 3, 2] ----> [0, 4, 4, 1, 5, 2]Failed
Case:  [3, 0, 3, 1, 5, 1] ----> [2, 0, 3, 1, 4, 1]Failed
Case:  [1, 5, 4, 1, 0, 5] ----> [1, 5, 4, 2, 0, 3]Failed
Case:  [2, 4, 0, 5, 3, 4] ----> [1, 4, 0, 5, 3, 1]Failed
Case:  [1, 2, 0, 3, 2, 2] ----> [1, 4, 0, 3, 0, 2]Failed
Case:  [5, 5, 4, 2, 4, 4] ----> [1, 5, 0, 2, 4, 2]Failed
Case:  [4, 2, 0, 5, 1, 2] ----> [4, 2, 0, 5, 1, 5]Failed
Case:  [0, 5, 0, 0, 2, 3] ----> [4, 1, 5, 0, 2, 3]Failed
Case:  [3, 3, 5, 5, 1, 4] ----> [0, 2, 5, 5, 1, 4]Failed
Case:  [0, 2, 0, 1, 4, 5] ----> [5, 2, 0, 1, 4, 2]Failed
Case:  [5, 5, 2, 2, 4, 2] ----> [3, 5, 0, 2, 4, 2]Failed
Case:  [0, 2, 4, 1, 1, 2] ----> [3, 0, 4, 1, 5, 2]
Case:  [0, 4, 0, 5, 2, 5] ----> [1, 4, 0, 5, 3, 5]Failed
Case:  [5, 4, 5, 5, 2, 3] ----> [0, 4, 1, 5, 2, 2]Failed
Case:  [0, 1, 4, 3, 1, 1] ----> [0, 2, 5, 5, 1, 4]Failed
Case:  [1, 4, 1, 4, 3, 1] ----> [1, 4, 2, 5, 3, 1]Failed
Case:  [5, 3, 3, 2, 2, 3] ----> [5, 3, 1, 4, 2, 0]Failed
Case:  [5, 1, 3, 2, 2, 0] ----> [4, 1, 3, 5, 2, 0]Failed
Case:  [4, 5, 1, 0, 0, 5] ----> [2, 5, 1, 4, 0, 3]
Case:  [0, 4, 0, 2, 5, 3] ----> [0, 1, 4, 2, 5, 3]Failed
Case:  [2, 2, 1, 5, 1, 3] ----> [4, 2, 5, 3, 1, 3]Failed
Case:  [3, 2, 4, 5, 2, 3] ----> [0, 2, 4, 5, 1, 3]Failed
Case:  [5, 4, 5, 0, 2, 3] ----> [5, 1, 5, 0, 2, 4]Failed
Case:  [0, 0, 2, 4, 2, 5] ----> [3, 0, 2, 4, 1, 5]Failed
Case:  [3, 1, 1, 4, 4, 3] ----> [5, 1, 1, 4, 0, 3]Failed
Case:  [4, 5, 0, 3, 2, 3] ----> [4, 2, 0, 3, 1, 4]Failed
Case:  [0, 4, 2, 5, 4, 5] ----> [0, 4, 2, 5, 3, 1]Failed
Case:  [2, 3, 2, 2, 2, 5] ----> [1, 3, 5, 0, 2, 4]
Case:  [5, 1, 4, 3, 5, 0] ----> [3, 1, 4, 1, 5, 0]Failed
Case:  [4, 3, 5, 2, 0, 2] ----> [1, 3, 5, 2, 0, 4]Failed
Case:  [5, 5, 5, 1, 1, 1] ----> [2, 5, 5, 1, 1, 4]Failed
Case:  [5, 5, 0, 2, 1, 4] ----> [3, 5, 0, 5, 1, 4]Failed
Case:  [4, 4, 4, 2, 5, 5] ----> [4, 3, 0, 2, 5, 1]Failed
Case:  [2, 0, 4, 2, 4, 5] ----> [3, 0, 4, 1, 1, 5]Failed
Case:  [0, 5, 0, 3, 5, 2] ----> [4, 4, 0, 3, 5, 2]Failed
Case:  [0, 1, 2, 2, 5, 0] ----> [3, 1, 4, 2, 5, 0]Failed
Case:  [4, 0, 1, 5, 4, 5] ----> [4, 0, 3, 5, 2, 5]Failed
Case:  [2, 4, 2, 2, 4, 5] ----> [1, 4, 2, 0, 3, 5]Failed
Case:  [5, 4, 2, 5, 3, 5] ----> [5, 4, 2, 0, 3, 1]Failed
Case:  [1, 1, 2, 0, 5, 3] ----> [1, 4, 2, 0, 5, 3]Failed
Case:  [4, 5, 5, 2, 0, 4] ----> [1, 5, 5, 2, 0, 3]Failed
Case:  [5, 3, 3, 1, 0, 4] ----> [2, 5, 3, 1, 0, 4]Failed
Case:  [2, 0, 4, 0, 5, 5] ----> [3, 0, 4, 1, 5, 2]
Case:  [4, 2, 5, 2, 4, 1] ----> [4, 2, 5, 2, 4, 1]Failed
Case:  [2, 3, 1, 4, 0, 5] ----> [2, 5, 1, 4, 0, 3]
Case:  [0, 5, 3, 5, 2, 2] ----> [4, 0, 3, 5, 2, 2]Failed
Case:  [2, 0, 0, 3, 0, 0] ----> [2, 0, 5, 1, 4, 0]Failed
Case:  [0, 5, 1, 4, 1, 2] ----> [0, 5, 1, 4, 1, 3]Failed
Case:  [5, 5, 3, 3, 4, 5] ----> [2, 5, 3, 0, 4, 4]Failed
Case:  [1, 1, 2, 0, 3, 4] ----> [1, 5, 2, 0, 3, 4]Failed
Case:  [1, 3, 2, 5, 2, 5] ----> [1, 3, 5, 0, 2, 4]
Case:  [2, 2, 0, 2, 5, 5] ----> [4, 2, 0, 5, 3, 1]
Case:  [0, 4, 5, 2, 1, 4] ----> [0, 3, 5, 2, 1, 4]Failed
Case:  [0, 4, 2, 2, 3, 1] ----> [0, 4, 2, 5, 3, 1]Failed
Case:  [2, 5, 4, 5, 3, 0] ----> [2, 5, 4, 1, 3, 0]Failed
Case:  [5, 4, 0, 3, 2, 0] ----> [1, 4, 0, 5, 2, 4]Failed
Case:  [5, 1, 1, 2, 2, 1] ----> [5, 3, 1, 4, 2, 0]Failed
Case:  [5, 3, 3, 5, 5, 5] ----> [4, 0, 3, 0, 2, 5]Failed
Case:  [5, 2, 0, 0, 0, 2] ----> [5, 2, 0, 3, 0, 4]Failed
Case:  [3, 1, 2, 5, 3, 2] ----> [3, 1, 2, 5, 3, 0]Failed
Case:  [3, 5, 2, 4, 1, 5] ----> [3, 5, 0, 4, 1, 5]Failed
Case:  [1, 1, 0, 5, 3, 3] ----> [1, 4, 0, 5, 3, 5]Failed
Case:  [3, 0, 5, 0, 4, 2] ----> [3, 0, 4, 1, 5, 2]
Case:  [4, 1, 3, 1, 4, 4] ----> [5, 1, 3, 0, 2, 4]Failed
Case:  [4, 4, 1, 4, 1, 3] ----> [2, 5, 1, 4, 0, 3]
Case:  [1, 1, 5, 2, 5, 2] ----> [1, 1, 5, 2, 0, 3]Failed
Case:  [1, 2, 2, 5, 3, 2] ----> [1, 4, 0, 5, 3, 2]Failed
Case:  [2, 3, 3, 5, 5, 0] ----> [2, 4, 1, 3, 5, 0]Failed
Case:  [4, 4, 3, 1, 0, 2] ----> [4, 1, 3, 5, 0, 2]Failed
Case:  [0, 5, 4, 1, 1, 1] ----> [0, 5, 4, 2, 1, 3]Failed
Case:  [5, 0, 3, 3, 1, 0] ----> [2, 0, 5, 3, 1, 4]Failed
Case:  [0, 0, 0, 3, 2, 4] ----> [5, 2, 0, 3, 1, 4]Failed
Case:  [2, 5, 3, 5, 4, 1] ----> [2, 5, 3, 0, 4, 1]Failed
Case:  [3, 5, 0, 4, 4, 5] ----> [3, 5, 0, 4, 1, 5]Failed
Case:  [1, 1, 2, 4, 0, 0] ----> [1, 5, 2, 0, 3, 0]Failed
Case:  [1, 1, 4, 4, 4, 4] ----> [5, 1, 4, 0, 0, 3]Failed
Case:  [1, 0, 3, 4, 0, 4] ----> [2, 0, 3, 4, 0, 5]Failed
Case:  [2, 0, 4, 3, 2, 1] ----> [2, 0, 5, 3, 5, 1]Failed
Case:  [5, 5, 2, 0, 2, 2] ----> [5, 1, 3, 0, 2, 4]Failed
Case:  [5, 1, 4, 4, 3, 1] ----> [5, 1, 4, 0, 3, 3]Failed
Case:  [1, 4, 3, 3, 2, 4] ----> [0, 1, 3, 5, 2, 4]Failed
Case:  [0, 3, 3, 4, 2, 1] ----> [0, 3, 1, 4, 2, 0]Failed
Case:  [1, 5, 2, 4, 2, 5] ----> [1, 5, 2, 0, 3, 0]Failed
Case:  [0, 0, 0, 0, 1, 4] ----> [3, 5, 0, 5, 1, 4]Failed
Case:  [2, 5, 4, 3, 0, 1] ----> [2, 2, 5, 3, 0, 4]Failed
Case:  [0, 0, 1, 2, 4, 0] ----> [2, 5, 1, 4, 4, 0]Failed
Case:  [1, 0, 3, 2, 0, 0] ----> [1, 5, 4, 2, 0, 3]Failed
Case:  [1, 3, 5, 0, 3, 2] ----> [1, 3, 5, 0, 4, 1]Failed
Case:  [1, 5, 0, 2, 5, 0] ----> [1, 5, 0, 2, 4, 2]Failed
Case:  [3, 2, 1, 4, 1, 1] ----> [3, 2, 0, 5, 1, 4]Failed
Case:  [1, 2, 3, 0, 1, 4] ----> [1, 3, 5, 0, 2, 4]
Case:  [4, 0, 5, 0, 2, 1] ----> [4, 0, 5, 0, 2, 1]Failed
Case:  [3, 2, 2, 3, 5, 0] ----> [3, 0, 4, 1, 5, 2]
Case:  [1, 5, 1, 0, 5, 5] ----> [1, 3, 5, 0, 2, 4]
Case:  [5, 4, 5, 0, 1, 1] ----> [5, 3, 5, 0, 4, 1]Failed
Case:  [3, 4, 2, 3, 0, 3] ----> [1, 4, 2, 5, 0, 3]Failed
Case:  [2, 5, 5, 1, 3, 1] ----> [2, 5, 5, 1, 4, 0]Failed
Case:  [3, 4, 4, 5, 5, 1] ----> [3, 4, 0, 5, 5, 1]Failed
Case:  [2, 2, 2, 1, 1, 3] ----> [2, 0, 5, 3, 1, 3]Failed
Case:  [1, 2, 2, 5, 0, 2] ----> [1, 4, 1, 5, 0, 2]Failed
Case:  [4, 4, 5, 2, 5, 3] ----> [4, 1, 5, 2, 5, 3]Failed
Case:  [0, 2, 3, 0, 4, 3] ----> [2, 0, 3, 0, 4, 1]Failed
Case:  [1, 2, 4, 2, 5, 1] ----> [0, 1, 4, 2, 5, 3]Failed
Case:  [0, 2, 1, 3, 4, 5] ----> [2, 4, 1, 3, 0, 5]Failed
Case:  [3, 2, 2, 3, 3, 0] ----> [1, 4, 2, 5, 3, 0]Failed
Case:  [0, 5, 5, 0, 0, 3] ----> [1, 5, 5, 2, 0, 3]Failed
Total case number: 1000, Success case number: 100
Success rate: 0.1
